version: 1
creator: callgrind-3.11.0
pid: 535
cmd:  ./a.out
part: 1


desc: I1 cache: 
desc: D1 cache: 
desc: LL cache: 

desc: Timerange: Basic block 0 - 1793188763
desc: Trigger: Program termination

positions: line
events: Ir
summary: 40030435531


ob=(3) /lib/x86_64-linux-gnu/libc-2.23.so
fl=(132) /build/glibc-Cl5G7W/glibc-2.23/stdio-common/_itoa.c
fn=(598) _itoa_word
168 662796
+2 331398
+9 5450934
+9 331398

fl=(81) /build/glibc-Cl5G7W/glibc-2.23/signal/../sysdeps/unix/sysv/linux/x86_64/sigaction.c
fn=(308) __libc_sigaction
47 1
+4 1
-4 1
+4 1
+3 2
-1 1
+1 2
-1 1
+1 28
+1 1
-1 1
+1 1
+7 1
-7 2
+2 2
+5 11
+3 4
+3 1
-1 1
+1 2
-1 1
+1 28
+1 1
-1 1
+1 1
+1 2
+3 2

fl=(131) /build/glibc-Cl5G7W/glibc-2.23/string/../sysdeps/x86_64/memcpy.S
fn=(586) __GI_mempcpy
61 330814
+4 330814
+3 330814
+1 330814
+2 272905
+1 272905
+2 272905
+1 272905
+5 272905
+1 272905
-1 57909
+1 57909
+2 158837
+1 158837
+2 158837
+1 158837
+5 158837
+1 158837
-1 171977
+1 171977
+2 32
+1 32
+2 32
+1 32
+5 32
+1 32
-1 330782
+1 330782
+2 31
+1 31
+2 31
+1 62
+5 31
+1 31
-1 330783
+1 330805
+5 22
+1 22
+1 22
+1 22
+2 22
+2 22
+1 22
+2 22
+6 330814
+4 330814

fl=(76) /build/glibc-Cl5G7W/glibc-2.23/misc/sbrk.c
fn=(296) sbrk
34 2
+8 2
-8 6
+8 9
+4 4
+4 6
+12 5
-19 4
cfi=(77) /build/glibc-Cl5G7W/glibc-2.23/misc/../sysdeps/unix/sysv/linux/x86_64/brk.c
cfn=(298) brk
calls=2 -12 
* 24
* 8
+15 2
cfi=(77)
cfn=(298)
calls=1 -27 
* 12
* 2
+4 5

fl=(118) /build/glibc-Cl5G7W/glibc-2.23/string/../sysdeps/x86_64/rawmemchr.S
fn=(494) rawmemchr
25 166106
+1 166106
+2 166106
+1 166106
+2 166106
+1 166106
+2 166106
+1 166106
+2 126682
+1 126682
+2 126682
+1 126682
+2 126682
+1 125319
+1 125319
+1 125319
+4 39424
+1 39424
+1 39424
+2 39424
+2 39424
+2 39424
+1 39424
+1 39424
+2 105
+2 105
+1 105
+1 105
+4 117957
+4 39319
+1 39319
+1 39319
+1 39319
+1 39319
-4 125319
+1 125319
+1 125319
+1 125319
+1 125319
+2 163156
+1 163156
+1 163156
+1 163156
+1 163156
+2 161241
+1 161241
+1 161241
+1 161241
+1 161241
+2 159357
+1 159357
+1 159357
+1 159357
+1 159357
+1 159357
+2 157509
+1 157509
+2 118110
+1 118110
+1 118110
+1 118110
+1 118110
+2 117417
+1 117417
+1 117417
+1 117417
+1 117417
+2 115785
+1 115785
+1 115785
+1 115785
+1 115785
+2 114193
+1 114193
+1 114193
+2 114193
+1 114193
+1 114193
+2 225100
+4 112550
+1 112550
+1 112550
+1 112550
+2 112550
+1 112550
+1 112550
+1 112550
+2 112550
+1 112550
+1 112550
+1 112550
+2 112550
+2 112550
+1 112550
-18 2050347
+1 2050347
+1 2050347
+1 2050347
+2 2050347
+1 2050347
+1 2050347
+1 2050347
+2 2050347
+1 2050347
+1 2050347
+1 2050347
+2 2050347
+2 2050347
+1 2050347
+2 151949
+2 151949
+1 151949
+1 151949
+2 30583
+1 30583
+1 30583
+2 20778
+1 20778
+2 20778
+1 20778
+1 20778
+1 20778
+2 8310
+1 8310
+1 8310
+1 8310
+4 3491
+1 3491
+1 3491
+4 124904
+1 124904
+1 124904
+4 13352
+1 13352
+1 13352
+4 15944
+1 15944
+1 15944

fl=(124) /build/glibc-Cl5G7W/glibc-2.23/misc/../sysdeps/unix/sysv/linux/wordsize-64/mmap.c
fn=(562) mmap
33 26
-1 260
+1 78
+1 260
+2 182
-3 52

fl=(78) /build/glibc-Cl5G7W/glibc-2.23/string/../sysdeps/x86_64/multiarch/../memset.S
fn=(300) __GI_memset
53 1
+1 1
+1 1
+1 1
+1 1
+2 1
+1 1
+17 1
+1 1
+1 1
+1 1
+1 1
+1 1
+1 1
+1 1
+1 1
+1 1
+1 1
+1 1
+1 1
+1 2
+3 1
+1 1
+1 1
+1 1
+1 1
+1 1
+1 1
-6 91
+1 91
+1 91
+1 91
+1 91
+1 91
+1 91
+1 1

fl=(127) /build/glibc-Cl5G7W/glibc-2.23/stdio-common/vfprintf.c
fn=(574) vfprintf
1236 441888
+31 165708
+8 165710
+4 276180
+11 276180
+11 55236
fi=(147) /build/glibc-Cl5G7W/glibc-2.23/stdio-common/printf-parse.h
108 165708
fe=(127)
1316 55236
-15 276180
fi=(147)
108 55236
cfi=(128) /build/glibc-Cl5G7W/glibc-2.23/string/../sysdeps/x86_64/strchr.S
cfn=(576) strchrnul
calls=55236 -84 
* 1104744
fe=(127)
1316 55236
fi=(147)
108 55236
fe=(127)
1312 55236
+4 110472
+4 441888
cfi=(105) /build/glibc-Cl5G7W/glibc-2.23/libio/fileops.c
cfn=(578) _IO_file_xsputn@@GLIBC_2.2.5
calls=55236 -33 
* 224705
* 220944
1685 276180
+1 110472
+2 55236
+1 441888
1275 110468
+41 331416
+1 331416
+3 110472
+4 55236
-4 55236
+4 110472
+4 662832
1552 110472
-21 110472
1632 110472
-1 110472
1370 2486235
-7 165749
-1 165749
-3 165749
-1 165749
+8 165749
+4 165749
-3 165749
-10 165749
-1 165749
-1 165749
-1 165749
-1 165749
+14 165749
-15 165749
-1 165749
-1 165749
-1 165749
+18 331498
1649 165749
+2 331498
+8 165749
fi=(147)
108 331498
fe=(127)
1659 165749
fi=(147)
108 165749
fe=(127)
1659 165749
fi=(147)
108 331498
cfi=(128)
cfn=(576)
calls=165749 -84 
* 3315484
fe=(127)
1663 165749
-4 165749
+4 1823239
cfi=(105)
cfn=(578)
calls=165749 1287 
* 10829535
* 2154737
+2 386734
-34 9774053
cfi=(105)
cfn=(578)
calls=165699 1287 
* 11320932
* 1656990
+1 331398
-1 1988388
cfi=(132)
cfn=(598)
calls=165699 168 
* 6776526
* 5465157
-43 90
+43 331498
cfi=(104) /build/glibc-Cl5G7W/glibc-2.23/libio/genops.c
cfn=(682) __overflow
calls=20 230 
* 780
* 2320262
cfi=(148) /build/glibc-Cl5G7W/glibc-2.23/stdio-common/printf_fp.c
cfn=(660) __printf_fp
calls=30 1257 
* 57616
* 660
1523 90
+1 90
+26 30
+14 30
-14 60
+38 420
-36 120
cfi=(147)
cfn=(658) read_int
calls=30 73 
* 360
* 30
+4 120
+9 150

fl=(152) /build/glibc-Cl5G7W/glibc-2.23/stdlib/mul.c
fn=(670) __mpn_mul
48 260
+6 26
-6 78
+6 26
+13 26
-1 52
+5 26
+1 52
+9 26
cfi=(153) /build/glibc-Cl5G7W/glibc-2.23/stdlib/../sysdeps/x86_64/mul_1.S
cfn=(672) __mpn_mul_1
calls=26 -49 
* 832
+2 26
+5 26
-5 52
+1 26
+4 26
+54 208

fl=(119) /build/glibc-Cl5G7W/glibc-2.23/stdio-common/vfscanf.c
fn=(496) _IO_vfscanf
279 1661060
+11 166106
-11 332212
+11 332212
+1 166106
fi=(122) /build/glibc-Cl5G7W/glibc-2.23/stdio-common/../include/scratch_buffer.h
79 166106
fe=(119)
291 166106
fi=(122)
78 664424
fe=(119)
341 996636
+6 498318
+3 830530
+4 166106
+20 166106
-20 166106
+20 166106
-13 332212
+6 166106
+2 498318
+5 166106
-5 166106
+5 996636
2671 166106
315 166106
-30 166106
-1 332212
+95 166106
2671 166106
2215 332212
334 332212
-4 166106
-1 166106
-1 332212
-1 166106
-32 166106
-12 166106
2215 166106
383 1990674
+37 1493652
+23 497884
+1 497884
-1 497884
+1 497884
+3 830525
3024 830530
fi=(122)
86 830530
fe=(119)
3027 498318
+3 332212
+17 662696
+6 1494954
449 1161009
347 332212
+3 864
3035 864
466 331779
223 331779
+1 663558
489 1327116
-6 995337
+24 663558
+21 331779
+7 331779
-7 995337
+10 3317790
+80 663558
+5 663558
-1 331779
+1 331779
+1 662696
+3 166107
+1 664428
-1 332214
+1 166107
-1 166107
+1 830535
+6 1991976
+3 663560
-3 663560
+3 995340
-3 664424
+3 168699
+1 332214
+1 830535
-1 166107
+1 663132
+4 165675
-4 331350
cfi=(104)
cfn=(498) _IO_sputbackc
calls=165675 +34 
* 2485125
+4 1325400
-19 497022
+19 1325376
-9 864
cfi=(104)
cfn=(522) __uflow
calls=432 348 
* 20304
* 2592
+2 332214
+7 3456
507 2986011
288 165674
3014 828370
538 663558
1404 1491939
+5 165675
-5 165675
+5 331350
+9 828375
+3 11070
261 11070
1421 33210
261 11070
1421 11070
261 22140
+3 33210
1424 77490
+2 88560
+11 33210
1748 828375
fi=(122)
114 662700
fe=(119)
1739 2242272
+2 1121136
+5 3363408
+64 497025
+7 497025
+1 331350
+28 994050
cfi=(104)
cfn=(498)
calls=165675 673 
* 2485125
* 165675
261 331350
+3 662700
1850 331350
+17 165675
+1 497025
-1 165675
+1 165675
-1 331350
+1 165675
cfi=(120) /build/glibc-Cl5G7W/glibc-2.23/stdlib/../stdlib/strtol.c
cfn=(500) __strtol_internal
calls=165675 98 
* 23245589
+6 497025
+3 662700
+2 331350
+4 331350
2458 497025
643 432
1396 432
+1 432
-2 432
+2 432
-1 165675
+1 165675
-2 165675
+2 165675
643 165672
+16 662688
+5 331344
-21 165675
-4 331350
1404 864
+2 2592
1743 394893
261 1184679
+3 1184679
1805 1579572
+2 3948930
-59 828375
1441 463815
+3 1159725
1107 1728
1820 104448
+65 331350
666 331344
1902 1656750
-15 331350
+1 497025
668 331344
+1 2319408

fl=(53) ???
fn=(198) memcpy@GLIBC_2.2.5
0 11

fl=(112) /build/glibc-Cl5G7W/glibc-2.23/string/../sysdeps/x86_64/memchr.S
fn=(478) memchr
25 1551
+1 1551
+2 1551
+1 1551
+1 1551
+1 1551
+2 1551
+1 1551
+2 1551
+1 1551
+2 1458
+1 1458
+1 1458
+1 1458
+2 1458
+1 1443
+1 1443
+1 1442
+1 1442
+1 1442
+1 1442
+1 1442
+1 1442
+1 1393
+4 93
+1 93
+1 93
+2 93
+2 93
+2 93
+1 93
+1 93
+12 93
+1 93
+1 93
+1 75
+1 75
+1 138
+4 63
+1 63
+1 63
+1 63
+1 63
-4 1393
+1 1393
+1 1393
+1 1393
+1 1393
+2 1438
+1 1438
+1 1438
+1 1438
+1 1438
+2 1420
+1 1420
+1 1420
+1 1420
+1 1420
+2 1411
+1 1411
+1 1411
+1 1411
+1 1411
+1 1411
+2 1391
+1 1391
+2 1323
+1 1323
+2 1281
+1 1281
+1 1281
+1 1281
+1 1281
+2 1268
+1 1268
+1 1268
+1 1268
+1 1268
+2 1254
+1 1254
+1 1254
+1 1254
+1 1254
+2 1239
+1 1239
+1 1239
+2 1239
+1 1239
+1 1239
+2 1224
+1 1224
+1 1224
+1 2448
+4 1224
+1 1224
-1 5147
+1 5147
+1 5313
+1 5313
+1 5313
+1 5313
+2 5313
+1 5313
+1 5313
+1 5313
+2 5313
+1 5313
+1 5313
+1 5313
+2 5313
+2 5313
+1 5313
+2 234
+2 234
+1 234
+1 234
+2 188
+1 188
+1 188
+2 125
+1 125
+2 125
+1 125
+1 125
+1 125
+2 54
+1 54
+1 54
+1 54
+4 1161
+1 1161
+2 1102
+1 1102
+1 1102
+1 1102
+1 1102
+2 1087
+1 1087
+1 1087
+1 1087
+1 1087
+2 1068
+1 1068
+1 1068
+1 1068
+1 1068
+1 1057
+1 1057
+2 1028
+1 1028
+1 1028
+1 1028
+1 1009
+1 1009
+4 59
+1 59
+1 59
+1 59
+1 59
+1 59
+1 59
+1 59
+2 35
+1 35
+1 35
+1 35
+1 35
+1 35
+4 35
+1 35
+1 35
+4 92
+1 92
+1 92
+4 114
+1 114
+1 114
+4 95
+1 95
+1 95
+4 15
+1 15
+1 15
+1 15
+1 15
+12 11
+1 11
+1 11
+1 11
+1 11
+4 19
+1 19
+1 19
+1 19
+1 19
+4 72
+1 72

fl=(128)
fn=(576)
24 220985
+1 220985
+1 220985
+1 220985
+1 220985
+1 220985
+1 220985
+1 220985
+1 220985
+1 220985
+1 220985
+1 220985
+1 220985
+1 220985
+1 220985
+1 220985
+1 220985
+1 220963
+2 220963
+7 220963
+4 22
+1 22
+1 22
+1 22
+1 22
+1 22
+1 22
+1 22
+1 22
+1 22
+1 22
+1 22
+1 22
+1 22
+1 22
+1 22
+1 22
+1 22
+1 22
+1 22
+1 22
+1 22
+1 22
+1 22
+52 22
+2 22
+7 22

fl=(50) /build/glibc-Cl5G7W/glibc-2.23/string/../sysdeps/x86_64/multiarch/strcspn.S
fn=(190) strpbrk
45 1
+1 1
+1 1
+1 1
+1 1
+1 1

fn=(186) strcspn
45 1
+1 1
+1 1
+1 1
+1 1
+1 1

fl=(103) /build/glibc-Cl5G7W/glibc-2.23/libio/iofopen.c
fn=(446) __fopen_maybe_mmap
41 2
-2 2
+2 2
+15 2

fn=(422) __fopen_internal
61 12
+8 2
-8 4
+8 2
cob=(2) ???
cfi=(16) ???
cfn=(424) 0x0000000004f528a0
calls=2 -69 
* 497
+2 6
+3 2
+3 8
-3 2
+3 4
cfi=(104)
cfn=(428) _IO_no_init
calls=2 599 
* 116
+4 2
+1 2
-1 2
+1 2
cfi=(105)
cfn=(432) _IO_file_init@@GLIBC_2.2.5
calls=2 +62 
* 188
+4 10
cfi=(105)
cfn=(436) _IO_file_fopen@@GLIBC_2.2.5
calls=2 249 
* 243
* 2
+1 2
-1 2
+6 10
-5 2
cfn=(446)
calls=2 -46 
* 8

fn=(420) fopen@@GLIBC_2.2.5
97 4
cfn=(422)
calls=2 -36 
* 1130

fl=(115) /build/glibc-Cl5G7W/glibc-2.23/stdio-common/isoc99_sscanf.c
fn=(488) __isoc99_sscanf
26 1162742
+4 166106
+1 166106
-1 830530
+1 166106
cfi=(116) /build/glibc-Cl5G7W/glibc-2.23/stdio-common/isoc99_vsscanf.c
cfn=(490) __isoc99_vsscanf
calls=166106 +2 
* 185665765
+4 332212

fl=(106) /build/glibc-Cl5G7W/glibc-2.23/io/../sysdeps/unix/syscall-template.S
fn=(440) open
84 4
cfn=(442) __open_nocancel
calls=2 * 
* 10

fn=(476) __read_nocancel
84 5595

fn=(594) write
84 2342
cfn=(596) __write_nocancel
calls=1171 * 
* 5855

fn=(442)
84 10

fn=(474) read
84 2238
cfn=(476)
calls=1119 * 
* 5595

fn=(596)
84 5855

fl=(150) /build/glibc-Cl5G7W/glibc-2.23/stdlib/../sysdeps/ieee754/dbl-64/dbl2mpn.c
fn=(666) __mpn_extract_double
37 30
-4 30
+4 60
+1 30
+9 60
+9 30
-18 90
+18 30
-18 30
+9 30
+9 30
+4 8
+43 52
+4 26
-4 26
+4 26
-45 4
+45 8

fl=(47) /build/glibc-Cl5G7W/glibc-2.23/time/../sysdeps/unix/sysv/linux/x86/time.c
fn=(180) time
38 1
-1 1
+1 6
fi=(48) /build/glibc-Cl5G7W/glibc-2.23/time/../sysdeps/generic/dl-hash.h
+10 3
+14 4
-17 3
+3 9
+14 12
-17 9
fe=(47)
-7 3
+3 2
-3 1
+3 1
cfi=(49) /build/glibc-Cl5G7W/glibc-2.23/elf/../sysdeps/unix/sysv/linux/dl-vdso.c
cfn=(184) _dl_vdso_vsym
calls=1 -14 
* 6
+1 3
+1 2

fl=(108) /build/glibc-Cl5G7W/glibc-2.23/stdio-common/getline.c
fn=(452) getline
32 1308
cfi=(109) /build/glibc-Cl5G7W/glibc-2.23/libio/iogetdelim.c
cfn=(454) getdelim
calls=436 +9 
* 685174

fl=(49)
fn=(184)
27 8
+4 8
-3 8

fl=(148)
fn=(676) hack_digit
169 210
+3 234
+2 280
+8 150
+21 150
cfi=(153)
cfn=(672)
calls=50 32 
* 1000
+1 100
+1 195
+4 250
-23 300
cfi=(159) /build/glibc-Cl5G7W/glibc-2.23/stdlib/divrem.c
cfn=(688) __mpn_divrem
calls=50 46 
* 1988
+2 200
+3 50
-2 50
+3 50
-1 50
+1 300
-16 40
+1 20
-1 20
+1 40
-1 20
+1 20
cfi=(153)
cfn=(672)
calls=20 32 
* 400
* 20
+32 220

fn=(662) __printf_fp_l
215 300
+39 30
-39 30
+30 30
+16 30
-7 90
+10 30
-10 60
+10 30
fi=(149) /build/glibc-Cl5G7W/glibc-2.23/stdio-common/../include/../locale/localeinfo.h
+42 90
fe=(148)
-39 60
+18 90
+33 30
-2 60
+16 30
+2 30
-2 30
+46 30
+3 60
+14 120
+16 240
cfi=(150)
cfn=(666)
calls=30 37 
* 600
+4 30
-4 30
+4 60
+36 30
+12 30
-9 270
+1 150
+1 60
+1 60
-2 30
+1 30
-1 30
+2 30
+7 30
-8 30
+1 30
+7 30
638 20
806 16
cfi=(151) /build/glibc-Cl5G7W/glibc-2.23/stdlib/../sysdeps/x86_64/lshift.S
cfn=(668) __mpn_lshift
calls=4 29 
* 60
+1 20
+1 4
+14 8
-10 4
+10 4
-10 4
+10 8
+2 4
-2 4
+2 4
-2 52
-10 26
+10 26
-10 26
+10 52
+2 26
-2 26
+2 26
+10 20
+48 30
-61 30
+61 60
+14 210
+7 30
fi=(170) /build/glibc-Cl5G7W/glibc-2.23/stdio-common/../sysdeps/pthread/allocalim.h
29 60
fe=(148)
913 210
+4 30
-3 60
+3 72
+3 120
-6 240
+9 90
cfn=(676)
calls=30 169 
* 2632
* 30
cfn=(676)
calls=10 169 
* 1095
-3 40
+3 40
-3 190
+7 150
+2 60
-4 30
+4 60
+12 90
+1 210
+1 520
+1 60
172 100
946 100
172 224
+2 300
+8 240
+21 240
cfi=(153)
cfn=(672)
calls=80 32 
* 1600
+1 160
+1 375
947 75
+1 75
+2 150
-3 25
+1 25
+2 50
1250 270
473 60
+16 40
248 180
524 30
-1 30
+1 90
-1 30
+1 60
cfi=(113) /build/glibc-Cl5G7W/glibc-2.23/string/../sysdeps/x86_64/multiarch/../memcpy.S
cfn=(480) __GI_memcpy
calls=30 61 
* 690
* 30
+16 180
+11 30
-2 30
+2 290
-2 230
+2 700
-57 240
+4 1200
-4 20
+4 100
+2 100
+30 160
cfi=(152)
cfn=(670)
calls=20 48 
* 1360
+4 40
+2 40
435 200
186 480
cfi=(159)
cfn=(688)
calls=80 46 
* 3116
+2 320
+3 80
-2 80
+3 80
-1 80
+1 480
-16 40
+1 20
-1 20
+1 40
-1 20
+1 20
cfi=(153)
cfn=(672)
calls=20 32 
* 400
* 100
944 90
+15 150
+1 90
cfn=(676)
calls=30 169 
* 2630
+2 115
+1 25
-1 25
fi=(155) /build/glibc-Cl5G7W/glibc-2.23/stdio-common/../sysdeps/generic/get-rounding-mode.h
94 30
+1 150
fe=(148)
1078 120
+7 60
+3 60
+13 90
+2 78
+20 6
-1 6
+1 6
+4 6
-4 6
+4 20
-4 14
+4 14
+14 60
+6 168
+1 6
+1 36
+2 6
-2 6
+2 6
-2 144
+2 24
-2 24
+2 114
+96 320
540 150
cfi=(158) /build/glibc-Cl5G7W/glibc-2.23/stdlib/cmp.c
cfn=(686) __mpn_cmp
calls=50 35 
* 550
* 170
+3 100
cfi=(113)
cfn=(480)
calls=20 61 
* 460
+1 60
+1 60
+1 20
-2 20
+1 20
+1 40
-1 20
+1 40
-9 60
+15 20
+6 20
-6 20
+6 20
+4 140
+35 120
+16 20
+2 20
-2 40
+2 20
-2 40
cfi=(154) /build/glibc-Cl5G7W/glibc-2.23/stdlib/../sysdeps/x86_64/rshift.S
cfn=(674) __mpn_rshift
calls=20 29 
* 340
+16 60
-1 20
+1 80
cfi=(154)
cfn=(674)
calls=20 29 
* 340
+4 140
-1 40
964 27
+3 8
-4 8
+4 8
+5 6
-1 6
+1 58
248 30
1154 60
+1 24
+4 6
+2 120
+9 90
+7 30
+3 30
-3 90
+5 60
cfi=(157) /build/glibc-Cl5G7W/glibc-2.23/string/../sysdeps/x86_64/strlen.S
cfn=(684) strlen
calls=30 66 
* 480
* 30
+2 90
+5 90
+2 30
-2 30
+2 30
-2 30
+2 30
+18 390
+3 440
+3 440
-6 750
+1 750
+1 120
cfi=(131)
cfn=(586)
calls=30 61 
* 540
* 30
826 20
+2 120
+9 20
+2 20
-1 20
+10 20
-11 40
fi=(155)
95 60
fi=(156) /build/glibc-Cl5G7W/glibc-2.23/stdio-common/../include/rounding-mode.h
-43 132
fe=(148)
1156 72
-34 14
+1 56
+9 60
837 10
-1 10
+1 40
+3 30
+2 10
-3 10
-1 10
+4 10
+2 20
-7 10
+5 10
-5 20
984 42
+5 84
+2 3
-2 6
+3 3
-3 40
+5 42
+4 28
+11 56
594 60
481 300
cfi=(151)
cfn=(668)
calls=20 29 
* 300
+4 180
+1 20
-1 20
+1 20
+1 100
646 24
cfi=(151)
cfn=(668)
calls=6 29 
* 90
+1 6
+4 6
-8 6
+28 6
-30 6
+30 6
-24 6
+4 6
-4 18
+52 6
-57 6
+8 6
+1 6
+20 6
+28 12
-43 6
+2 12
-2 66
+2 132
+7 12
+1 12
-1 18
+9 18
+1 12
+3 12
+1 12
+8 6
-8 6
-1 6
+1 6
-1 6
+1 6
-1 6
+1 6
-1 6
+1 12
+8 18
+22 18
+9 12
-1 6
+1 12
+5 18
-6 6
+6 6
+3 18
+34 12
cfi=(154)
cfn=(674)
calls=6 29 
* 102
+3 30
+7 276
+24 18
671 30
cfi=(152)
cfn=(670)
calls=6 48 
* 408
* 6
+5 18
1239 90
+7 60
964 2
+3 212
1219 60
+17 150
-78 48
+1 18
-4 18
772 24
+4 30
cfi=(153)
cfn=(672)
calls=6 32 
* 192
+1 6
+3 12
+1 6
-4 6
+3 6
+1 24
+9 6
+1 6
-1 12
1236 2960
cfi=(104)
cfn=(682)
calls=250 230 
* 9750
* 500
-34 180
750 18
-23 12
+10 6
-3 12
+3 18
1159 120
-4 18
cfi=(104)
cfn=(682)
calls=6 230 
* 234
* 18
789 12
cfi=(154)
cfn=(674)
calls=6 29 
* 102
* 6
566 40
+2 20
-2 20
+2 150
1185 60

fn=(660)
1257 30
-1 30
+1 120
cfn=(662)
calls=30 215 
* 57436

fl=(153)
fn=(672)
32 202
+3 202
+1 202
+1 202
+1 202
+1 202
+2 202
+1 202
+2 202
+1 202
+1 202
+1 202
+1 170
+2 170
+1 170
+1 170
+1 170
+26 32
+1 32
+1 32
+1 32
+1 32
+1 32
+1 32
+1 32
+1 32
+26 32
+1 32
+1 32
+2 32
+1 32
+1 32
+1 32
+1 32
+1 32
+2 32
+3 32
-5 170
+2 170
+3 170

fl=(84) /build/glibc-Cl5G7W/glibc-2.23/stdlib/cxa_atexit.c
fn=(320) __cxa_atexit
57 10
-22 2
+22 2
-22 2
cfn=(322) __new_exitfn
calls=2 +38 
* 82
+2 4
+4 2
+3 2
+1 2
-4 4
+2 2
+4 2
+1 2
+11 8

fn=(322)
73 4
+6 2
-6 2
+6 2
-6 2
+6 8
+2 12
+2 6
+1 5
-3 1
+10 2
-10 2
+2 2
+11 2
+25 1
+1 1
-1 1
+1 1
-1 1
+7 1
+1 1
+3 2
-4 1
+1 1
+3 6
+3 10
-21 1
+1 2

fl=(147)
fn=(658)
73 30
+12 30
-12 60
+2 210
+18 30

fl=(121) /build/glibc-Cl5G7W/glibc-2.23/stdlib/../stdlib/strtol_l.c
fn=(502) ____strtol_l_internal
227 1491075
+26 331350
+22 165675
-1 165675
+10 662700
+9 994050
+2 331350
+5 331350
+5 165675
-6 165675
+6 165675
+4 331350
+10 309210
+10 497025
526 1325400
311 22140
+15 331350
-79 165675
371 165675
+64 662700
+38 165675
-18 165675
-4 165675
+22 165675
-19 165675
-3 165675
+4 165675
-4 165675
+4 331350
-4 331350
-14 1217889
-4 811926
+2 1789527
+44 331350
+5 331350
+1 165675
+5 331350
+3 497025
-28 1217889
+3 1764818
+5 405963
+1 1623852
+17 497025
+17 331350
348 662700

fl=(52) /build/glibc-Cl5G7W/glibc-2.23/time/../sysdeps/unix/sysv/linux/x86/gettimeofday.c
fn=(194) gettimeofday
37 1
-1 1
+1 6
fi=(48)
+11 3
+14 4
-17 3
+3 9
+14 12
-17 9
fe=(52)
-8 3
+3 2
-3 1
+3 1
cfi=(49)
cfn=(184)
calls=1 -13 
* 6
+1 3
+1 2

fl=(70) /build/glibc-Cl5G7W/glibc-2.23/malloc/malloc.c
fn=(510) realloc
2974 36
+7 8
+1 8
+4 6
+7 6
+6 3
-2 3
+2 3
+2 3
-2 3
+2 6
+17 24
+2 6
+44 36
-60 6
+39 18
+2 15
cfn=(518) _int_realloc
calls=3 4226 
* 177
* 3
+2 12
+1 30
-38 12
+1 6
-7 6
-21 2
cfi=(71) /build/glibc-Cl5G7W/glibc-2.23/malloc/hooks.c
cfn=(512) realloc_hook_ini
calls=1 37 
* 439
* 2

fn=(532) free
2934 5180
+5 2072
+1 2072
+6 2072
+5 35
-2 35
+2 70
+16 27
+1 18
cfn=(520) _int_free
calls=9 3841 
* 1150
+1 6060
-15 78
+2 104
+2 26
+1 26
-1 26
+1 26
+1 52
2833 52
+1 26
+6 26
-7 26
+7 156
+7 26
+1 78
+5 52
cfi=(160) /build/glibc-Cl5G7W/glibc-2.23/misc/../sysdeps/unix/syscall-template.S
cfn=(694) munmap
calls=26 84 
* 130
2969 156

fn=(534) systrim.isra.2
2759 21
+11 9
+2 3
+1 6
-4 3
+8 9
+2 6
-5 3
+49 24

fn=(290) malloc_consolidate
4144 4
-22 8
+23 3
+12 1
5002 1
4147 1
+11 1
-1 1
5004 1
-2 1
+2 5
4160 2
+1 2
-1 18
+1 21
+26 1
+4 1
-3 1
+1 1
+2 1
+5 1
+1 1
+1 1
-2 1
+12 1
-12 1
+3 2
+9 1
-41 1
-3 1
+3 2
+1 1
+1 2
+2 2
+7 2
+3 2
+4 2
+23 2
+3 40
+6 8
4996 4
1808 3
-3 2
+3 378
-3 252
+7 3
+5 1
+2 1
-2 2
-1 3

fn=(292) sysmalloc
2268 216
+20 27
+11 27
-11 27
+11 27
+1 83
fi=(72) /build/glibc-Cl5G7W/glibc-2.23/malloc/arena.c
488 3
fe=(70)
2315 5
+65 1
+1 3
+10 1
-9 1
+9 5
+6 4
+3 3
2723 2
+1 1
+8 4
+5 1
-3 1
+3 1
-2 1
+2 3
+1 1
-1 1
-1 1
+4 1
-3 2
+1 1
+8 243
2301 78
+14 104
+6 52
+19 78
+15 78
+5 78
+1 130
+3 78
+1 130
+98 1
-8 4
+8 1
+21 5
cfi=(75) /build/glibc-Cl5G7W/glibc-2.23/malloc/morecore.c
cfn=(294) __default_morecore
calls=1 46 
* 62
* 1
+1 1
+3 4
+3 2
+1 2
+20 2
+26 2
+2 2
+6 1
-6 1
+6 1
2321 1
2464 1
+10 5
+8 1
-8 1
+8 1
+67 7
+37 2
+6 3
+19 1
+3 2
+1 5
+2 1
-2 1
+2 1
+1 3
cfi=(75)
cfn=(294)
calls=1 46 
* 43
+12 2
+8 1
+1 1
-1 2
+1 2
+39 1
+1 1
-2 1
+1 3
+12 1
-12 1
+1 1
+11 1
2539 5
2323 182
cfi=(124)
cfn=(562)
calls=26 33 
* 858
+2 52

fn=(520)
3841 90
+13 10
-13 10
+13 20
+6 40
+1 20
+11 40
+13 20
+11 12
+1 9
1886 3
3921 3
1886 6
3923 9
+1 6
+4 3
-4 3
+1 3
+9 21
+9 12
+2 3
+2 18
4105 80
3960 14
+1 21
+15 14
+8 21
+6 14
+1 14
+1 14
1886 21
4001 14
+1 1
+2 1
-1 1
+2 14
+3 14
+5 6
+1 15
+1 1
+11 1
-1 1
+2 2
-1 2
-1 2
+2 4
+7 3
-2 3
+1 3
+1 3
+2 1
+1 1
+2 1
+1 1
+2 3
+1 1
+30 2
-34 2
+1 2
+2 6
+1 2
+30 12
+1 8
+3 12
3962 35
+8 7
-4 7
+4 21
-7 14
4093 21
+1 21
+1 35
3949 12
+68 4
+58 2
cfn=(290)
calls=1 +69 
* 147
* 1
-21 4
+1 12
+1 8
-80 35
4079 20
+2 12
cfn=(534)
calls=3 2759 
* 84
* 3

fn=(272) calloc
3172 1
+15 1
-15 3
+10 1
+5 2
-15 1
+10 1
+5 2
+8 2
+1 2
3311 5
-25 1
cfi=(78)
cfn=(300)
calls=1 53 
* 667
-87 3
cfi=(71)
cfn=(274) malloc_hook_ini
calls=1 29 
* 58944
+4 1
-3 1
+3 2
-3 1

fn=(518)
4226 40
+21 12
+1 12
+11 12
+2 4
+1 12
+2 16
+6 8
4389 24
4280 8
+13 1
-1 2
+12 4
cfn=(288) _int_malloc
calls=1 3349 
* 137
+1 1
-1 1
+1 1
+9 4
+13 1
+3 2
+1 2
+2 2
+25 4
cfn=(520)
calls=1 3841 
* 74
+31 1
-29 1
+29 7
-55 3
cfi=(113)
cfn=(480)
calls=1 61 
* 75
* 1
-54 3
+1 3
-1 6
+4 18
+1 3
-1 3
+2 3
-2 3
+2 3
-2 3
+1 3
+1 3
+2 6

fn=(288)
3349 111
-30 74
+30 37
-30 148
+30 111
-30 37
+30 111
+4 111
+14 74
+2 9
+2 3
-1 3
-1 3
+1 3
+5 6
+29 74
+2 30
+1 30
+2 10
-2 10
+2 20
+39 218
+1 54
+1 2
cfn=(290)
calls=1 4144 
* 651
3819 518
-2 37
+2 37
-2 37
+2 74
5002 37
3817 37
+2 37
5004 37
3819 37
5004 37
3819 111
5004 74
3819 148
5002 74
3469 74
+66 4
+1 6
+1 2
-1 4
+51 10
+7 2
-6 2
+1 2
+1 2
+1 2
+3 2
3469 117
+3 2
-1 2
+1 4
+1 4
+3 2
+10 8
+34 2
-5 2
+1 2
+4 2
+13 4
1879 1
3770 1
1879 2
3833 333
3487 4
+1 3
3603 74
+73 74
+1 74
+1 74
+1 74
+1 74
+5 78
+16 28
+2 56
-4 60
+8 2
+3 4
+2 1
+2 1
-1 1
-1 3
-27 1
+27 1
-27 1
+4 108
+3 36
-3 27
+3 36
-3 18
+3 9
3792 36
+3 36
-2 72
+2 72
+17 54
3605 81
+3 27
-3 27
+3 81
1879 108
3448 208
3719 2
+3 2
+5 1
-3 2
+3 1
-3 1
+3 12
+3 2
+15 1
+1 2
-6 1
+17 1
-6 1
+1 1
+1 1
+1 1
+3 1
+1 1
+1 2
+5 1
+2 1
-2 7
+2 3
+1 3
3448 208
3827 81
cfn=(292)
calls=27 2268 
* 2789
+1 54
-28 9
-3 9
+1 9
+2 9
-1 9
+1 18
+2 9
-2 36
+2 9
+3 9
1879 27

fn=(426) malloc
2902 105
+5 70
+1 70
+3 280
+2 105
cfn=(288)
calls=35 3349 
* 7747
+3 35
-3 35
+3 35
+8 140
+2 255
+3 140
-18 210

fl=(80) /build/glibc-Cl5G7W/glibc-2.23/signal/../nptl/sigaction.c
fn=(306) sigaction
34 3
+6 1
cfi=(81)
cfn=(308)
calls=1 +7 
* 101

fl=(158)
fn=(686)
35 100
+2 50
+1 50
+1 100
+8 250

fl=(90) /build/glibc-Cl5G7W/glibc-2.23/string/../sysdeps/x86_64/strrchr.S
fn=(342) rindex
24 1
+1 1
+1 1
+1 1
+1 1
+1 1
+1 1
+1 1
+1 1
+1 1
+1 1
+1 1
+1 1
+1 1
+1 1
+1 1
+1 1
+1 1
+1 1
+1 1
+1 1
+1 1
+1 1
+1 1

fl=(82) /build/glibc-Cl5G7W/glibc-2.23/gmon/../sysdeps/unix/sysv/linux/prof-freq.c
fn=(310) __profile_frequency
27 4
+1 2

fl=(92) /build/glibc-Cl5G7W/glibc-2.23/string/../sysdeps/x86_64/cacheinfo.c
fn=(348) handle_intel
262 4
-1 4
+17 2
-17 12
+14 2
+1 4
-3 6
+23 8
cfn=(350) intel_check_word
calls=2 133 
* 666
+1 4
+3 10
cfn=(350)
calls=2 133 
* 238
+1 4
-17 4
+5 2
-5 6
+5 2
+2 2
+1 2
-1 4
+27 16

fn=(350)
133 8
+6 4
-7 20
+7 16
-7 4
+7 4
+2 4
-2 4
+2 4
+68 8
+3 24
-69 4
+2 8
-2 6
+2 12
+8 20
+51 16
+22 8
fi=(93) /build/glibc-Cl5G7W/glibc-2.23/string/../bits/stdlib-bsearch.h
27 8
+1 16
+3 16
+1 8
fe=(92)
+89 16
fi=(93)
-90 12
+1 6
fe=(92)
+89 12
+3 54
fi=(93)
-95 44
+2 44
-2 44
+2 80
+1 40
fe=(92)
+89 80
251 8
141 16
-6 2
256 24
fi=(93)
37 10
-8 24
fe=(92)
165 6
+3 6
+4 4
+2 4
+1 14
+2 7
-12 2
+12 2
+1 10
+1 10
+1 6
+17 3
-32 9
+3 9
+4 6
+2 6
+1 12
+2 12
+5 2
+2 4
+2 32

fn=(346) init_cacheinfo
482 2
+12 1
-12 3
+12 3
+2 4
cfn=(348)
calls=1 262 
* 455
+4 2
-4 1
+4 1
cfn=(348)
calls=1 262 
* 547
+2 1
-2 1
-1 1
+3 1
+9 2
+2 1
+1 1
+2 1
+5 2
+9 4
-9 4
+9 16
-9 12
+6 8
+69 4
+1 5
+55 2
+2 1
+1 1
+2 1
-3 1
+5 1
-5 1
+4 3
+4 2
+2 1
+1 1
+2 1
-3 1
+5 1
-5 1
+4 2
+3 1
-3 1
+3 5
532 1
+32 1
-26 6
+7 5
+2 1
+1 1
+1 2
-4 4
+2 1
+1 1
+1 6
+2 2
-6 2
+6 2
+5 1
+2 2
+1 1
-1 1
+1 3
+6 1
-1 1
+1 5

fl=(144) /build/glibc-Cl5G7W/glibc-2.23/stdlib/msort.c
fn=(642) qsort_r
166 12012
+6 1001
-6 1001
+6 1001
-5 1001
+8 2002
+64 1001
-5 1001
+1 1001
+1 1001
+1 1001
+2 1001
+61 8008
177 1001
-9 1001
+9 6006
300 2002
-15 2002
+2 2002
+2 2002
+4 2002
+2 1001
45 7007
cfn=(644) msort_with_tmp.part.0
calls=1001 -5 
* 10420561
299 2002
cob=(2)
cfi=(16)
cfn=(550) 0x0000000004f528a8
calls=1001 0 
* 18018
* 1001

fn=(640) qsort
308 2002
cfn=(642)
calls=1001 166 
* 10499640

fn=(644)
40 5005
+8 1001
-8 2002
+8 1001
+3 1001
-11 2002
+9 1001
+2 1001
-11 3003
+11 1001
-6 5005
cfn=(645) msort_with_tmp.part.0'2
calls=1001 -5 
* 3683310
* 6006
cfn=(645)
calls=1001 -5 
* 4250744
+11 1001
+1 1001
-1 1001
+2 1001
-1 1001
+2 1001
+1 1001
-1 1001
+1 5005
+67 2002
-67 9009
+39 46825
+6 83228
-1 20807
+1 20807
cob=(5) /mnt/c/Users/harsh/Desktop/ass4(2)/a.out
cfi=(134) /mnt/c/Users/harsh/Desktop/ass4(2)/evolve.c
cfn=(646) compare
calls=20807 -93 
* 853087
* 41614
+8 8920
+2 8920
-1 8920
+3 395333
-18 20807
+5 20807
-5 23810
+59 2002
+2 6006
+1 7007
-1 1001
cfi=(113)
cfn=(480)
calls=1001 -99 
* 268262
-42 249684
-1 83228
+1 83228
-1 104035
-8 35661
-1 35661
+51 515
cfi=(113)
cfn=(480)
calls=103 -98 
* 3176
* 103

fn=(645)
40 110110
+8 22022
-8 44044
+8 22022
+3 22022
-11 44044
+9 22022
+2 22022
-11 66066
+11 22022
-6 62062
cfn=(645)
calls=6006 -5 
* 4640916
* 100100
cfn=(645)
calls=14014 -5 
* 6678977
+11 22022
+1 22022
-1 22022
+2 22022
-1 22022
+2 22022
+1 22022
-1 22022
+1 110110
+67 44044
-67 198198
+39 217536
+6 200748
-1 50187
+1 50187
cob=(5)
cfi=(134)
cfn=(646)
calls=50187 -93 
* 2057667
* 100374
+8 13834
+2 13834
-1 13834
+3 953553
-18 50187
+5 50187
-5 116253
+59 44044
+2 132132
+1 154154
-1 22022
cfi=(113)
cfn=(480)
calls=22022 -99 
* 1011376
-42 602244
-1 200748
+1 200748
-1 250935
-8 109059
-1 109059
+51 17630
cfi=(113)
cfn=(480)
calls=3526 -98 
* 100910
* 3526

fl=(120)
fn=(500)
98 497025
cfi=(121)
cfn=(502)
calls=165675 227 
* 22748564

fl=(129) /build/glibc-Cl5G7W/glibc-2.23/io/../sysdeps/posix/isatty.c
fn=(582) isatty
24 1
+3 2
cfi=(130) /build/glibc-Cl5G7W/glibc-2.23/termios/../sysdeps/unix/sysv/linux/tcgetattr.c
cfn=(584) tcgetattr
calls=1 +7 
* 69
* 2
+1 1
-1 1
+1 1

fl=(51) /build/glibc-Cl5G7W/glibc-2.23/string/../sysdeps/x86_64/multiarch/strspn.S
fn=(192) strspn
30 1
+1 1
+1 1
+1 1
+1 1
+1 1

fl=(73) /build/glibc-Cl5G7W/glibc-2.23/elf/dl-addr.c
fn=(280) _dl_addr
126 9
+5 1
-5 2
+5 2
cob=(1) /lib/x86_64-linux-gnu/ld-2.23.so
cfi=(2) /build/glibc-Cl5G7W/glibc-2.23/elf/rtld.c
cfn=(50) rtld_lock_default_lock_recursive
calls=1 704 
* 2
+2 2
cob=(1)
cfi=(67) /build/glibc-Cl5G7W/glibc-2.23/elf/../sysdeps/x86_64/dl-trampoline.h
cfn=(259) _dl_runtime_resolve_avx'2
calls=1 -69 
* 1327
* 5
+2 2
30 1
+1 1
-1 1
+1 1
+3 2
+5 1
+6 1
-7 1
+2 2
+2 1
-2 1
+2 1
+3 1
+5 8
+2 1
+1 2
-1 1010
+1 2020
+2 3628
+9 2010
+7 24
-2 24
+2 2259
-2 2211
+2 5750
-10 11175
+2 8940
+1 14318
+7 1011
-21 2022
+49 3
+1 1
+1 3
+3 2
+37 2
cob=(1)
cfi=(2)
cfn=(52) rtld_lock_default_unlock_recursive
calls=1 710 
* 2
+3 9
-28 1
+1 1
+21 2

fl=(116)
fn=(490)
33 1162742
+6 332212
-6 166106
+6 498318
-2 166106
+2 166106
cfi=(104)
cfn=(428)
calls=166106 599 
* 7308664
+1 166106
+1 664424
-1 166106
+1 166106
cfi=(117) /build/glibc-Cl5G7W/glibc-2.23/libio/strops.c
cfn=(492) _IO_str_init_static_internal
calls=166106 -5 
* 51732736
+2 664424
-1 166106
+1 166106
cfi=(119)
cfn=(496)
calls=166106 279 
* 120976761
+2 996636

fl=(130)
fn=(584)
34 2
+4 3
-4 1
+4 4
+2 1
-2 1
+2 1
+2 1
+3 2
+18 2
-21 1
+1 1
+2 1
+1 1
-3 1
+1 1
+2 1
+17 1
-19 1
+7 2
+7 1
+5 1
cfi=(131)
cfn=(586)
calls=1 -2 
* 31
* 3
+14 4

fl=(86) /build/glibc-Cl5G7W/glibc-2.23/csu/../csu/init-first.c
fn=(334) _init
52 8
+6 3
+14 1
fi=(88) /build/glibc-Cl5G7W/glibc-2.23/csu/../sysdeps/unix/sysv/linux/x86_64/init-first.c
-36 1
fe=(86)
+34 1
+1 1
fi=(88)
-35 3
fe=(86)
+36 1
fi=(88)
-36 3
fi=(87) /build/glibc-Cl5G7W/glibc-2.23/csu/../sysdeps/generic/dl-hash.h
+12 3
+14 4
-17 3
+3 9
+14 12
-17 9
fi=(88)
-9 3
+2 2
-2 1
+2 2
cfi=(49)
cfn=(184)
calls=1 -11 
* 6
+1 2
+5 2
-3 2
+1 1
+2 1
cfi=(49)
cfn=(184)
calls=1 -17 
* 6
fe=(86)
+42 3
fi=(88)
-41 2
+1 1
fe=(86)
+40 1
cfi=(89) /build/glibc-Cl5G7W/glibc-2.23/misc/init-misc.c
cfn=(340) __init_misc
calls=1 -55 
* 48
+8 1
cfi=(91) /build/glibc-Cl5G7W/glibc-2.23/ctype/ctype-info.c
cfn=(344) __ctype_init
calls=1 -63 
* 16
+5 6
-34 1
-7 1
+7 4
fi=(88)
-25 2
fe=(86)

fl=(89)
fn=(340)
31 2
-1 3
+1 4
+2 3
cfi=(90)
cfn=(342)
calls=1 -9 
* 24
+4 5
+1 3
+2 4

fl=(95) /build/glibc-Cl5G7W/glibc-2.23/csu/../csu/libc-start.c
fn=(380) (below main)
134 7
+4 1
-4 3
+4 3
+82 1
-82 1
+82 1
+1 4
cfi=(84)
cfn=(320)
calls=1 57 
* 66
+22 4
+3 2
+1 5
cob=(5)
cfi=(66) ???
cfn=(382) __libc_csu_init
calls=1 0 
* 61
+4 4
+15 2
+12 2
cfi=(96) /build/glibc-Cl5G7W/glibc-2.23/setjmp/../sysdeps/x86_64/bsd-_setjmp.S
cfn=(398) _setjmp
calls=1 30 
* 30
+1 2
+5 2
+1 2
+3 2
+3 6
cob=(5)
cfi=(99) /mnt/c/Users/harsh/Desktop/ass4(2)/main.c
cfn=(404) main
calls=1 19 
* 40030258665
138 2

fl=(113)
fn=(480)
61 28254
+2 28254
+2 28254
+3 778
+1 778
+2 230
+1 230
+2 230
+1 230
+5 230
+1 230
-1 548
+1 548
+2 228
+1 228
+2 228
+1 456
+5 228
+1 228
-1 550
+1 550
+2 230
+1 230
+2 230
+1 230
+5 230
+1 230
-1 548
+1 548
+2 416
+1 416
+2 416
+1 416
+5 416
+1 416
-1 362
+1 830
+5 468
+1 468
+1 468
+1 468
+2 468
+2 468
+1 468
+2 468
+8 778
+8 28141
+6 28141
+2 28141
+1 28141
+3 337
+1 1011
+5 337
+1 337
+2 337
+2 337
+1 337
+2 337
-8 970
+1 970
+2 970
+2 970
+1 970
+2 1644
+9 337
+1 337
-1 27804
+1 27804
+3 28141
+1 28141
+1 28141
+5 58108
+2 58108
+1 58108
+1 58108
+1 58108
+2 58108
+1 58108
+1 58108
+1 58108
+2 58108
+1 58108
+2 58108
+2 37987
+2 37987
+1 37987
+1 37987
+1 37987
+2 37987
+1 37987
+1 37987
+1 37987
+2 37987
+1 37987
+2 54025
+5 8019
+6 8019
+1 8019
-7 20122
+6 20122
+1 20122
+2 27476

fl=(151)
fn=(668)
29 30
+1 30
+2 30
+1 30
+1 30
+12 30
+1 30
+1 30
+1 30
+1 30
+1 30
+1 30
+6 30
+1 30
+1 30

fl=(159)
fn=(688)
46 1040
+3 260
+13 130
+1 130
-16 130
+18 260
+6 260
+1 496
+1 118
-1 236
+1 236
-1 236
+4 260
+3 130
234 130
81 130
234 910
67 4
+1 8

fl=(104)
fn=(556) _IO_default_finish
639 8
+2 6
+6 6
+3 6
60 4
662 8

fn=(468) _IO_setb
380 498333
+1 664448
+3 166111
+2 664444
-3 166111
+3 332222
+3 498339
-7 2
cob=(2)
cfi=(16)
cfn=(550)
calls=2 0 
* 308
* 10

fn=(542) _IO_un_link
60 8
-1 8
+5 12
+1 20
+2 2
-2 2
+1 2
+1 2
-2 2
+2 2
-2 2
+2 26
+2 2
-2 6
+2 4
+2 4
+13 2
+2 2
-2 2
+2 16
+2 2
-1 2
+1 16
+1 4
+3 10
-6 14
-13 2
+1 2
-1 4

fn=(546) _IO_unsave_markers
1049 2
-2 2
+2 2
+19 6
+2 2

fn=(682)
230 831
+2 831
cfi=(105)
cfn=(580) _IO_file_overflow@@GLIBC_2.2.5
calls=277 808 
* 9248

fn=(460) _IO_doallocbuf
395 6
-1 9
+3 12
+1 9
cfi=(110) /build/glibc-Cl5G7W/glibc-2.23/libio/filedoalloc.c
cfn=(462) _IO_file_doallocate
calls=3 95 
* 987
* 6
+3 12

fn=(470) _IO_switch_to_get_mode
176 2238
-1 2238
+1 1119
+3 3357
+5 1119
-1 2238
+1 1119
+7 1119
-4 1119
+2 2238
+2 1119
+1 1119
+1 2238

fn=(524) _IO_default_uflow
413 432
-1 864
+1 432
cfi=(117)
cfn=(526) _IO_str_underflow
calls=432 144 
* 5616
+1 864
+3 864

fn=(788) _IO_cleanup
948 2
+3 1
-3 2
-50 1
+50 1
+3 1
cfn=(790) _IO_flush_all_lockp
calls=1 760 
* 90
-63 1
+63 1
-63 2
+10 3
+8 5
+2 2
+2 1
+1 1
-1 1
+2 2
+3 5
cfi=(105)
cfn=(792) _IO_file_setbuf@@GLIBC_2.2.5
calls=1 450 
* 66
+2 3
+4 2
+7 3
-40 9
+2 6
+2 7
+6 12
+65 7
-42 3
+1 8

fn=(794) _IO_default_setbuf
522 4
+1 1
-1 2
+1 1
cfi=(105)
cfn=(796) _IO_file_sync@@GLIBC_2.2.5
calls=1 868 
* 13
* 2
+9 1
-7 1
+7 1
-7 1
388 1
-5 1
+1 1
+4 1
535 1
+2 1
-2 2
+1 3
+2 4
381 1
527 1
+1 1
-1 1
+1 1
381 4

fn=(434) _IO_link_in
98 12
-1 4
+3 4
-3 2
+5 2
-2 2
+2 10
+1 20
+2 2
-2 2
+1 2
+1 2
-2 2
+2 2
-2 2
+2 26
+2 2
-2 2
+4 2
+2 2
-3 2
-1 2
+4 14
+2 2
-1 2
+1 16
+1 4
+3 10
-6 14

fn=(430) _IO_old_init
586 166108
-16 166108
+1 166108
+15 166108
+5 166108
-21 166108
+2 166108
+1 166108
+1 166108
+17 166108
-16 166108
+1 166108
+1 166108
+1 166108
+1 166108
+1 166108
+2 166108
+1 166108
+1 166108
+1 166108
+6 166108
+1 166114

fn=(590) _IO_default_xsputn
425 2316
-3 11580
+8 4732
+2 3471
+3 2314
+10 3471
+5 3471
-1 2314
+1 2082
-1 1388
+2 3471
+2 1157
+2 2491
cfi=(105)
cfn=(580)
calls=25 808 
* 1027
* 50
+2 25
-2 50
+4 1158
+1 1158
-1 1158
+1 5790

fn=(790)
760 8
+6 3
+11 2
+16 2
-17 2
-1 2
+1 3
-1 1
+1 1
+3 9
+10 6
+4 3
-2 3
+2 6
+7 3
-27 6
+31 2
+2 2
+4 9
-38 1
-6 1
+5 1
+2 2
+6 12

fn=(428)
599 1494972
+1 166108
cfn=(430)
calls=166108 -14 
* 3654382
+3 166108
-2 166108
+2 166108
+2 2
+1 2
+1 2
+1 2
+1 2
+1 2
+1 2
+1 2
+1 2
+1 2
+1 2
+1 2
+2 2
+7 2
+1 12
-1 166106
+1 996636
-3 332212

fn=(456) __underflow
316 1119
+2 3358
+6 6714
+3 2238
+2 2238
+6 2238
+7 2238
+1 1119
-1 2238
cfi=(105)
cfn=(458) _IO_file_underflow@@GLIBC_2.2.5
calls=1119 539 
* 79726
-24 2236
+22 3357

fn=(498)
673 331350
+3 331350
-3 331350
+3 662700
+1 1325400
+9 331350
+3 662700
-10 994050

fn=(522)
348 432
+2 1296
+6 2592
+3 864
+2 864
+6 864
+7 864
+1 432
-1 864
cfn=(524)
calls=432 +39 
* 9072
-24 864
+22 1296

fl=(117)
fn=(526)
144 1728
+2 2160
+6 864
+3 432
+1 432

fn=(492)
36 1328848
+4 332212
+1 498318
cfi=(118)
cfn=(494)
calls=166106 -16 
* 42929118
* 166106
+5 830530
cfi=(104)
cfn=(468)
calls=166106 380 
* 2989908
+5 166106
-3 166106
+1 166106
+1 166106
+1 166106
+13 166106
+1 996636
-6 166106
+1 166106
+1 332212

fl=(138) /build/glibc-Cl5G7W/glibc-2.23/stdlib/random_r.c
fn=(616) random_r
357 20392512
+5 5098128
-2 5098128
+2 10196256
+9 5098128
+1 5098128
+1 5098128
+3 10196256
+3 5098128
-3 5098128
+2 5098128
+2 5098128
-2 5098128
+5 5098128
-3 5098128
-20 4933673
+31 4933673
-31 4933673
+34 4933673
-2 9867346
-32 164455
+32 164455
-1 164455
+3 328910

fl=(162) /build/glibc-Cl5G7W/glibc-2.23/libio/fputc.c
fn=(712) fputc
32 233
+3 233
-3 466
+3 3262
+1 1627
fi=(114) /build/glibc-Cl5G7W/glibc-2.23/libio/libioP.h
866 466
+1 1864
fe=(162)
39 699
-3 3
cfi=(104)
cfn=(682)
calls=1 230 
* 146
* 2

fl=(71)
fn=(274)
29 4
fi=(72)
260 1
fe=(71)
30 1
fi=(72)
260 1
fe=(71)
30 1
fi=(72)
260 1
fi=(70)
2911 7
+2 3
cfn=(288)
calls=1 3349 
* 1048
+3 1
-3 1
+3 1
+8 4
+2 11
fe=(71)
33 4
fi=(70)
2911 6
+12 1
cfi=(72)
cfn=(278) ptmalloc_init.part.5
calls=1 258 
* 57845
* 1
-15 2
fe=(71)

fn=(512)
37 9
+1 1
+1 1
-1 1
fi=(72)
260 1
fe=(71)
39 1
fi=(72)
260 3
fi=(70)
2982 2
+4 2
+7 2
+6 1
-2 1
+2 1
+2 1
-2 1
+2 2
+17 8
+2 2
fe=(71)
42 9
fi=(70)
3004 2
+39 6
+2 5
cfn=(518)
calls=1 4226 
* 355
* 1
+2 4
+1 10
-38 4
+1 1
-7 1
+7 1
fe=(71)

fl=(94) /build/glibc-Cl5G7W/glibc-2.23/elf/dl-altinit.c
fn=(354) dlinit_alt
33 3
+1 1

fl=(109)
fn=(454)
41 3052
+5 2180
+6 8720
+1 872
+2 1
fi=(114)
866 872
+1 3924
fe=(109)
124 3924
-65 2177
+2 1
+1 1
-1 1
+1 1
cob=(2)
cfi=(16)
cfn=(424)
calls=1 -62 
* 196
+1 1
-1 1
+1 1
+7 1308
+1 872
-30 870
+59 4
+2 24
cfi=(70)
cfn=(510)
calls=3 2974 
* 414
cob=(1)
cfi=(67)
cfn=(259)
calls=1 -38 
* 1161
* 8
+1 12
+6 4
-1 8
+1 4
+2 16
cfi=(113)
cfn=(480)
calls=4 -50 
* 857
* 6188
cfi=(113)
cfn=(480)
calls=1547 -50 
* 260580
+1 1551
+2 5334
cfi=(104)
cfn=(456)
calls=1116 316 
* 108252
* 2232
+2 2232
-21 1116
+21 1116
-31 5580
cfi=(112)
cfn=(478)
calls=1116 -60 
* 182477
* 2175
cfi=(112)
cfn=(478)
calls=435 -60 
* 46411
+1 1551
-1 1551
+1 3102
+1 1305
+1 6204
+8 1551
-1 3102
+1 7747
+22 1740
-45 6
cfi=(104)
cfn=(456)
calls=3 316 
* 567
* 9
+5 8

fl=(107) /build/glibc-Cl5G7W/glibc-2.23/string/../string/strstr.c
fn=(444) __GI_strstr
53 14
+10 6
+2 4
+1 2
+23 16
-26 2
-5 4

fl=(123) /build/glibc-Cl5G7W/glibc-2.23/libio/iofclose.c
fn=(540) fclose@@GLIBC_2.2.5
39 6
+14 2
-14 2
+14 4
+9 8
cfi=(105)
cfn=(554) _IO_file_finish@@GLIBC_2.2.5
calls=2 200 
* 54
+1 6
+18 12
+3 4
cob=(2)
cfi=(16)
cfn=(550)
calls=2 -84 
* 307
+4 10
-34 2
cfi=(104)
cfn=(542)
calls=2 +6 
* 176
+2 38
+1 4
+1 4
cfi=(105)
cfn=(544) _IO_file_close_it@@GLIBC_2.2.5
calls=2 160 
* 599
* 6
fi=(114)
866 4
+1 18
fe=(123)
78 4

fl=(126) /build/glibc-Cl5G7W/glibc-2.23/debug/printf_chk.c
fn=(572) __printf_chk
26 212
+4 187
+1 22
+1 22
+2 11
+1 33
-1 55
+1 11
cfi=(127)
cfn=(574)
calls=11 1236 
* 89783
+3 11
-3 11
+3 11
+1 22
fi=(133) /build/glibc-Cl5G7W/glibc-2.23/debug/../libio/libioP.h
875 11
+1 22
+1 88
fe=(126)
43 66

fl=(137) /build/glibc-Cl5G7W/glibc-2.23/stdlib/random.c
fn=(614) random
288 5098128
+3 30588768
+2 15294384
cfi=(138)
cfn=(616)
calls=5098128 +64 
* 132386873
+2 20392512
+2 5098128
+1 10196256

fl=(100) /build/glibc-Cl5G7W/glibc-2.23/gmon/../sysdeps/x86_64/_mcount.S
fn=(410) mcount
32 122053
+1 122053
+1 122053
+1 122053
+1 122053
+1 122053
+1 122053
+1 122053
+4 122053
+2 122053
+2 122053
cfi=(101) /build/glibc-Cl5G7W/glibc-2.23/gmon/mcount.c
cfn=(412) __mcount_internal
calls=122053 +13 
* 2281553
+6 122053
+1 122053
+1 122053
+1 122053
+1 122053
+1 122053
+1 122053
+1 122053
+1 122053

fl=(46) /build/glibc-Cl5G7W/glibc-2.23/string/../sysdeps/x86_64/multiarch/strcmp.S
fn=(188) strncasecmp
129 1
+1 1
+1 1
+1 1
+10 1

fn=(178) strcasecmp
109 1
+1 1
+1 1
+1 1
+10 1

fl=(163) /build/glibc-Cl5G7W/glibc-2.23/stdlib/exit.c
fn=(722) exit
104 1
-1 1
+1 2
cfn=(724) __run_exit_handlers
calls=1 -69 
* 3876

fn=(724)
35 8
+5 1
cfi=(164) /build/glibc-Cl5G7W/glibc-2.23/stdlib/cxa_thread_atexit_impl.c
cfn=(726) __call_tls_dtors
calls=1 145 
* 11
* 1
+6 11
+4 9
+3 2
-1 2
+2 10
+33 1
+1 1
-1 1
+1 1
+6 2
+1 5
cfi=(104)
cfn=(788)
calls=1 948 
* 248
* 3
+2 2
cfi=(169) /build/glibc-Cl5G7W/glibc-2.23/posix/../sysdeps/unix/sysv/linux/_exit.c
cfn=(798) _Exit
calls=1 -70 
* 5
-19 2
+4 2
-4 2
+2 2
+2 2
-2 4
+2 2
cfi=(69) /build/glibc-Cl5G7W/glibc-2.23/gmon/gmon.c
cfn=(782) _mcleanup
calls=1 418 
* 2689
cob=(1)
cfi=(165) /build/glibc-Cl5G7W/glibc-2.23/elf/dl-fini.c
cfn=(728) _dl_fini
calls=1 +48 
* 845
+1 2

fl=(105)
fn=(578)
1287 386684
-1 773368
-6 3314400
+13 1325760
+17 1325408
+1 330695
+3 1322868
+5 1323132
cfi=(131)
cfn=(586)
calls=330783 61 
* 6358274
* 330783
+6 330783
-1 330783
+1 661566
+2 661566
+27 662880
+1 2706764
-24 3285
cfn=(580)
calls=657 808 
* 78167
* 1314
+6 2338
+1 3507
+2 3507
+11 2338
+1 4632
cfi=(104)
cfn=(590)
calls=1158 425 
* 54674
* 2316
-57 264
+1 176
+3 264
+2 2606
-2 1862
+39 4676
-35 11
+11 55
+17 2048
cfn=(580)
calls=512 808 
* 60394
* 1024

fn=(792)
450 2
+1 1
cfi=(104)
cfn=(794)
calls=1 +71 
* 51
* 2
+4 2
-1 2
+2 3
+2 1
+1 2

fn=(436)
249 14
+11 4
+2 8
+9 1
-2 1
+1 1
+17 24
+41 12
cfn=(438) _IO_file_open
calls=2 214 
* 90
+3 2
-3 2
+3 2
+17 6
cfi=(107)
cfn=(444)
calls=2 53 
* 48
+1 2
-1 2
+1 2
-83 1
-1 1
-15 2
425 2
-76 2
+76 14

fn=(580)
808 4413
+7 1471
-8 7355
+8 7347
+35 2942
+3 604
+3 906
+1 906
+1 1206
+4 302
+1 1208
-45 4
+12 4
+9 8
+8 2
-4 2
+3 4
-2 4
-3 2
+1 4
+5 2
-1 2
+1 6
+1 2
+12 2
-1 8
cfn=(588) _IO_do_write@@GLIBC_2.2.5
calls=2 494 
* 188
* 4
-5 7
-3 2338
+12 3507
-12 1169
cfn=(588)
calls=1169 494 
* 112018
-31 4
cfi=(104)
cfn=(460)
calls=2 395 
* 771
+1 12
+33 3
cfn=(588)
calls=1 494 
* 96
* 3

fn=(432)
144 4
+4 2
-4 4
+5 2
-1 2
+3 2
cfi=(104)
cfn=(434)
calls=2 -53 
* 162
+1 2
+1 8

fn=(438)
214 12
+3 4
+8 4
+3 4
+3 2
-3 2
-1 2
+1 4
+3 2
-3 2
+3 2
+10 4
cfi=(104)
cfn=(434)
calls=2 98 
* 8
+1 2
+1 8
-22 8
cfi=(106)
cfn=(440)
calls=2 84 
* 14
* 6

fn=(554)
200 2
+1 2
-1 2
+1 2
+6 4
+1 2
-1 2
cfi=(104)
cfn=(556)
calls=2 639 
* 38

fn=(458)
539 3357
+6 3357
-14 4476
+17 2238
+13 2238
+20 2238
cfi=(104)
cfn=(470)
calls=1119 176 
* 22380
+6 1119
+5 4476
-5 2238
+1 1119
+2 1119
-1 2238
+3 1119
cfn=(472) _IO_file_read
calls=1119 1216 
* 12309
+2 2238
+16 1118
-9 1118
+9 2236
+2 2236
+1 4472
-16 1
-1 1
+1 2
+10 1
+6 1
-5 1
+5 3
-62 3
+5 2
cfi=(104)
cfn=(460)
calls=1 395 
* 270
* 2

fn=(464) _IO_file_stat
1229 3
+1 9
cfi=(111) /build/glibc-Cl5G7W/glibc-2.23/io/../sysdeps/unix/sysv/linux/wordsize-64/fxstat.c
cfn=(466) _fxstat
calls=3 34 
* 30

fn=(592) _IO_file_write@@GLIBC_2.2.5
1258 1171
-2 7026
+2 4684
+4 2342
+1 2342
+10 3513
+3 7026
-13 4684
cfi=(106)
cfn=(594)
calls=1171 84 
* 8197
+1 2342
+5 1171
+1 1171
-12 5855

fn=(548) _IO_file_close
1250 10
+1 2

fn=(588)
494 3519
+1 2
-3 9368
+11 2342
+7 4684
+8 5855
cfn=(592)
calls=1171 1258 
* 51524
* 1171
+1 5855
+6 1171
-4 1171
+4 1171
-4 3513
+1 2342
+3 2329
-2 1158
-29 4632
+1 6948
+28 13
-29 52
+1 78
+29 3500

fn=(472)
1216 4476
cfi=(106)
cfn=(474)
calls=1119 84 
* 7833

fn=(544)
160 6
-2 4
+9 2
-9 2
+5 10
+6 2
+3 2
-3 2
cfi=(104)
cfn=(546)
calls=2 1049 
* 14
+3 4
+4 6
+9 10
cfi=(104)
cfn=(468)
calls=2 380 
* 366
+1 4
+3 2
-3 2
+1 6
+2 2
cfi=(104)
cfn=(542)
calls=2 60 
* 6
+5 4
-4 2
+1 2
+1 2
+2 2
+1 8
-23 6
cfn=(548)
calls=2 1250 
* 12
* 4
-7 7
cfn=(588)
calls=1 494 
* 96
* 2

fn=(796)
868 1
+5 1
-5 1
+5 3
+2 1
+1 2
+17 2
+4 2

fl=(164)
fn=(726)
145 3
+1 4
+18 4

fl=(83) /build/glibc-Cl5G7W/glibc-2.23/time/../sysdeps/unix/syscall-template.S
fn=(312) setitimer
84 8
+2 10

fl=(111)
fn=(466)
34 3
-1 3
+1 3
+1 18
+4 3

fl=(96)
fn=(398)
30 1
+2 1
cfi=(97) /build/glibc-Cl5G7W/glibc-2.23/setjmp/../sysdeps/x86_64/setjmp.S
cfn=(400) __sigsetjmp
calls=1 -6 
* 28

fl=(69)
fn=(264) monstartup
101 2
+9 1
-9 2
+10 1
+13 1
-14 1
+1 1
-10 1
+9 1
+2 1
-1 1
+3 1
-2 1
+9 1
+3 1
-11 1
-1 1
+1 1
+11 1
-11 1
+10 1
+1 2
-11 2
+11 1
+1 2
+6 2
-2 1
+2 2
cob=(1)
cfi=(67)
cfn=(259)
calls=1 -67 
* 60290
* 5
+1 2
+15 1
-7 1
-1 1
+9 1
-7 1
+2 1
+5 1
-3 1
-2 1
+23 1
-18 1
+3 11
+18 1
-1 1
+1 4
-1 1
cfn=(302) moncontrol
calls=1 -88 
* 196
-41 2
+1 1
-4 3

fn=(782)
418 1
+1 2
cfn=(302)
calls=1 80 
* 46
+2 2
+1 1
cfn=(784) write_gmon
calls=1 -87 
* 2501
+3 1
+1 1
-1 1
cob=(2)
cfi=(16)
cfn=(550)
calls=1 0 
* 133

fn=(784)
335 1
+8 1
-8 7
+8 1
cfi=(168) /build/glibc-Cl5G7W/glibc-2.23/stdlib/getenv.c
cfn=(786) getenv
calls=1 34 
* 170
+1 2
+10 7
+2 1
-2 1
+2 1
+23 2
+1 1
+1 2
+1 6
179 1
-2 1
+13 2
-11 2
+11 3
+22 1
+2 1
-24 5
+24 1
-2 1
+3 1
cfi=(82)
cfn=(310)
calls=1 27 
* 3
+1 1
+3 2
-4 1
+1 4
+3 1
-3 1
+3 1
-2 1
+2 4
+10 3
+14 1
-3 2
+1 1
+3 2
-6 2
+5 31
-3 62
+1 31
+3 62
-6 62
+10 1
+1 2
+27 1
-28 1
+1 1
-1 1
+1 2
+2 956
+8 15
-2 30
+13 15
-1 15
+1 60
+1 30
+1 45
+2 30
-2 90
+2 15
-25 654
+32 2
+1 6
+30 1
-17 1
+20 1
-24 1
+4 1
+25 1
-25 2
+17 1
-7 1
+1 1
-1 1
+1 1
-1 1
+1 1
-1 1
+1 1
+6 1
+81 3
+1 8

fn=(302)
80 4
-4 2
+7 4
+9 5
cfi=(79) /build/glibc-Cl5G7W/glibc-2.23/gmon/../sysdeps/posix/profil.c
cfn=(304) profil
calls=1 -28 
* 33
+1 1
+2 4
-9 5
cfi=(79)
cfn=(304)
calls=1 -22 
* 182
+1 2

fl=(97)
fn=(400)
26 1
+9 1
+1 2
+1 1
+4 1
+1 1
+1 1
+1 1
+1 1
+2 2
+2 1
+1 1
+1 1
+2 2
+2 1
+9 1
cfi=(98) /build/glibc-Cl5G7W/glibc-2.23/setjmp/sigjmp.c
cfn=(402) __sigjmp_save
calls=1 -36 
* 9

fl=(169)
fn=(798)
27 2
+4 1
+2 2

fl=(168)
fn=(786)
34 8
+1 1
cfi=(157)
cfn=(684)
calls=1 +31 
* 16
* 1
+4 7
+3 2
+49 9
-24 1
+6 1
+2 1
-3 1
+3 82
+9 40

fl=(101)
fn=(412)
60 122053
+12 244106
-12 122053
+12 244106
+9 122053
+1 244106
+15 255265
+1 51053
+1 102106
+4 42
+1 14
-1 14
+1 14
+4 14
+1 28
+1 14
+1 14
+1 14
+57 14
+5 28
-5 122039
+5 244078
-59 153117
+1 153116
+14 3
+7 2
+1 1
-1 1
+1 1
+3 2
+1 1
+1 1
+1 2
+1 1
+1 1
-26 51038
+1 51038

fl=(136) /build/glibc-Cl5G7W/glibc-2.23/stdlib/rand.c
fn=(612) rand
26 5098128
+1 5098128
cfi=(137)
cfn=(614)
calls=5098128 288 
* 219055049
+1 10196256

fl=(75)
fn=(294)
46 2
+1 2
cfi=(76)
cfn=(296)
calls=2 -13 
* 91
+1 6
+4 4

fl=(157)
fn=(684)
66 31
+1 31
+1 31
+1 31
+1 31
+1 31
+1 31
+2 31
+2 31
+30 31
+1 31
+1 31
+1 31
+1 31
+1 31
+1 31

fl=(161) /build/glibc-Cl5G7W/glibc-2.23/debug/fprintf_chk.c
fn=(704) __fprintf_chk
26 607475
+4 828375
+1 110450
+1 55225
+2 55225
+1 165675
-1 276125
+1 55225
cfi=(127)
cfn=(574)
calls=55225 1236 
* 73530934
+3 55225
-3 55225
+4 55225
-1 55225
+1 55225
fi=(133)
875 55225
+1 55225
-1 55225
+1 55225
+1 441800
fe=(161)
43 276125

fl=(72)
fn=(278)
258 6
+13 1
-8 1
+8 1
+6 3
+2 4
+67 2
+1 2
+2 1
+1 7
-78 5
cfi=(73)
cfn=(280)
calls=1 126 
* 57806
* 2
+1 4

fl=(98)
fn=(402)
28 1
+1 1
-1 2
+1 2
+5 3

fl=(154)
fn=(674)
29 52
+1 52
+1 52
+13 52
+1 52
+16 52
+1 52
+1 52
+1 52
+1 52
+1 52
+1 52
+5 52
+1 52
+1 52
+1 52
+1 52

fl=(91)
fn=(344)
31 5
+2 1
+2 1
-4 1
+4 1
-4 1
+2 3
+2 3

fl=(160)
fn=(694)
84 104
+1 26

fl=(167) /build/glibc-Cl5G7W/glibc-2.23/nptl/unregister-atfork.c
fn=(752) __unregister_atfork
28 8
+8 2
+3 4
+82 6

fl=(79)
fn=(304)
64 10
+9 4
+13 6
+5 1
+15 1
+3 1
-2 2
-5 3
+7 14
-8 1
+1 1
+1 1
+1 1
+2 1
+3 1
cfi=(80)
cfn=(306)
calls=1 -75 
* 105
* 2
+3 1
+1 1
cfi=(82)
cfn=(310)
calls=1 -86 
* 3
* 2
+2 1
-2 1
+2 1
-2 3
+1 3
+1 1
-1 1
+1 1
cfi=(83)
cfn=(312)
calls=1 -31 
* 9
+1 12
-38 1
-2 2
+4 4
cfi=(83)
cfn=(312)
calls=1 +4 
* 9
* 2
+1 2

fl=(110)
fn=(462)
95 15
+15 18
cfi=(105)
cfn=(464)
calls=3 1229 
* 42
* 6
+2 12
+11 9
+4 6
cob=(2)
cfi=(16)
cfn=(424)
calls=3 0 
* 687
* 3
+2 3
-1 6
+2 12
cfi=(104)
cfn=(468)
calls=3 380 
* 54
+1 3
+1 15
-15 1
-2 9
+5 2
-42 1
+1 1
-1 1
+1 1
cfi=(129)
cfn=(582)
calls=1 -55 
* 77
+38 1
-37 1
+37 1

fl=(166) /build/glibc-Cl5G7W/glibc-2.23/stdlib/cxa_finalize.c
fn=(750) __cxa_finalize
31 8
+17 2
-17 8
+4 8
+4 22
+5 4
-9 6
+32 8
+4 12
-4 6
+12 4
+3 2
-2 2
+2 12
-2 2
cfi=(167)
cfn=(752)
calls=2 -52 
* 20

fl=(77)
fn=(298)
31 24
+8 3
-6 6
+7 3

ob=(2)
fl=(16)
fn=(356) 0x0000000004c2f428
0 5
cfn=(360) 0x0000000004c2f5f0
calls=1 0 
0 5
0 2

fn=(424)
0 6
cob=(3)
cfi=(70)
cfn=(426)
calls=6 2902 
0 1374

fn=(740) 0x00000000004018bc
0 3

fn=(762) 0x0000000004a287b8
0 3

fn=(248) 0x0000000004a28578
0 1
cob=(5)
cfi=(66)
cfn=(250) __gmon_start__
calls=1 0 
0 62638

fn=(82) 0x0000000004000ab0
0 1
cob=(1)
cfi=(17) /build/glibc-Cl5G7W/glibc-2.23/elf/dl-minimal.c
cfn=(84) free
calls=1 120 
0 6

ob=(6) /usr/lib/valgrind/vgpreload_core-amd64-linux.so
fl=(85) ???
fn=(756) 0x0000000000000580
0 9

fn=(326) 0x0000000000000650
0 17

fn=(742) 0x0000000000000610
0 8
cob=(2)
cfi=(16)
cfn=(748) 0x0000000004a28570
calls=1 0 
0 64
0 1
cfn=(756)
calls=1 0 
0 9
0 3

ob=(2)
fl=(16)
fn=(748)
0 1
cob=(3)
cfi=(166)
cfn=(750)
calls=1 31 
0 63

fn=(550)
0 1006
cob=(3)
cfi=(70)
cfn=(532)
calls=1006 2934 
0 17760

fn=(780) 0x0000000004ca0d0c
0 3

fn=(384) 0x0000000000400920
0 5
cob=(5)
cfi=(66)
cfn=(250)
calls=1 0 
0 4
0 2

fn=(244) 0x0000000004a28530
0 5
cfn=(248)
calls=1 0 
0 62639
0 2

fn=(770) 0x0000000004c2f5f8
0 1
cob=(3)
cfi=(166)
cfn=(750)
calls=1 31 
0 63

fn=(360)
0 1
cob=(5)
cfi=(66)
cfn=(250)
calls=1 0 
0 4

ob=(5)
fl=(66)
fn=(390) 0x0000000000400c40
0 16

fn=(734) 0x0000000000400ba0
0 8

fn=(382)
0 15
cob=(2)
cfi=(16)
cfn=(384)
calls=1 0 
0 11
0 8
cfn=(390)
calls=1 0 
0 16
0 11

fn=(730) 0x0000000000400c20
0 5
cfn=(734)
calls=1 0 
0 8
0 3

fn=(250)
0 16
cob=(1)
cfi=(67)
cfn=(258) _dl_runtime_resolve_avx
calls=1 64 
0 61565
0 5
0 3
cfn=(314) atexit
calls=1 0 
0 1057

fn=(314)
0 6
cob=(1)
cfi=(67)
cfn=(258)
calls=1 64 
0 1046
0 5

fn=(374) _start
0 11
cob=(1)
cfi=(67)
cfn=(258)
calls=1 64 
0 40030259929
0 5

fl=(145) /mnt/c/Users/harsh/Desktop/ass4(2)/crossover.c
fn=(650) recombine
5 54000
cob=(3)
cfi=(100)
cfn=(410)
calls=6000 +27 
* 288004
* 6000
+2 12000
-2 24000
+3 6000
cob=(3)
cfi=(136)
cfn=(612)
calls=6000 +18 
* 281807
* 6000
* 12000
+5 35996
+1 35994
+1 41993
-2 11998
+1 989857866
+1 1154834177
-2 329952622
+6 54000
+1 36000
+1 42000
-2 12000
+1 998134140
+1 1164489830
-2 332711380
+4 48000

fn=(648) crossover
25 7000
cob=(3)
cfi=(100)
cfn=(410)
calls=1000 +7 
* 48008
* 1000
+2 15000
+3 7000
cfn=(650)
calls=1000 -25 
* 828497972
* 35000
cfn=(650)
calls=5000 -25 
* 4142489835
-3 12000
+6 6000

fl=(102) /mnt/c/Users/harsh/Desktop/ass4(2)/readwriteppm.c
fn=(696) write_ppm
76 7
cob=(3)
cfi=(100)
cfn=(410)
calls=1 -44 
* 32
* 1
* 1
+3 2
cob=(3)
cfi=(103)
cfn=(420)
calls=1 +18 
* 632
* 1
+2 1
-2 1
+2 1
fi=(125) /usr/include/x86_64-linux-gnu/bits/stdio2.h
+16 7
fe=(102)
-11 1
fi=(125)
+11 1
cob=(1)
cfi=(67)
cfn=(259)
calls=1 -33 
* 2958
* 5
* 2
fe=(102)
-11 4
+1 1170
+3 234
fi=(125)
+7 702
fe=(102)
-7 234
-3 234
+3 702
fi=(125)
+7 1170
cob=(3)
cfi=(161)
cfn=(704)
calls=234 -71 
* 325702
* 234
fe=(102)
-7 54990
fi=(125)
+7 164970
fe=(102)
-7 54990
-3 54990
+3 164970
fi=(125)
+7 274950
cob=(3)
cfi=(161)
cfn=(704)
calls=54990 -71 
* 76571985
* 54990
fe=(102)
-10 165906
+5 702
fi=(125)
+5 699
cob=(3)
cfi=(162)
cfn=(712)
calls=232 -65 
* 8963
cob=(1)
cfi=(67)
cfn=(259)
calls=1 -33 
* 984
* 237
* 233
fe=(102)
-11 466
+10 1
-1 1
+1 4
-1 1
cob=(3)
cfi=(123)
cfn=(540)
calls=1 -56 
* 654
* 1

fn=(414) read_ppm
17 9
cob=(3)
cfi=(100)
cfn=(410)
calls=1 +15 
* 32
* 1
+7 1
-7 3
+3 1
+1 1
+3 1
cob=(1)
cfi=(67)
cfn=(259)
calls=1 +40 
* 1424
* 5
+1 1
-1 1
+1 3
+11 5
+10 2
-12 8
cob=(3)
cfi=(108)
cfn=(452)
calls=2 -2 
* 284
* 2
* 4
cob=(1)
cfi=(67)
cfn=(259)
calls=1 +30 
* 1673
* 5
* 6
+1 6
+5 4
+2 2
+1 5
cob=(3)
cfi=(115)
cfn=(488)
calls=1 -17 
* 799
* 1
+5 1
-15 2
+15 7
+1 4
cob=(3)
cfi=(108)
cfn=(452)
calls=1 -17 
* 3919
* 1
* 1728
cob=(3)
cfi=(108)
cfn=(452)
calls=432 -17 
* 681551
* 432
* 866
+1 864
+1 2592
cob=(3)
cfi=(115)
cfn=(488)
calls=432 -25 
* 537827
* 432
* 994032
cob=(3)
cfi=(115)
cfn=(488)
calls=165672 -25 
* 187949591
* 165672
* 332208
+1 165672
+1 662688
-1 165672
+1 165672
+1 165672
-1 165672
+1 165672
+3 220896
-16 6
cob=(1)
cfi=(67)
cfn=(259)
calls=1 +23 
* 2427
* 5
* 1
+18 165672
+3 2
cob=(1)
cfi=(67)
cfn=(259)
calls=1 +2 
* 1259
* 5
+1 2
cob=(1)
cfi=(67)
cfn=(259)
calls=1 +1 
* 1570
* 5
+3 2
cob=(1)
cfi=(67)
cfn=(259)
calls=1 -2 
* 1180
* 5
+1 1
-1 1
+3 1
-2 1
+1 1
+1 1
-1 1
+2 4
cob=(3)
cfi=(70)
cfn=(426)
calls=1 2902 
* 280
* 1
+1 1
-1 1
+1 3
cfn=(564) updateColors
calls=1 -66 
* 883652
+3 12

fn=(564)
5 3
cob=(3)
cfi=(100)
cfn=(410)
calls=1 +27 
* 52
* 1
+2 1
-2 1
+2 1
+1 7
+1 2
-1 1
+1 1
+1 3
+1 4
-3 5
+1 110446
-1 55223
+1 55223
+1 165669
+1 220892
-3 276115
+6 2

fl=(139) /mnt/c/Users/harsh/Desktop/ass4(2)/fitness.c
fn=(618) comp_fitness_population
29 7007
cob=(3)
cfi=(100)
cfn=(410)
calls=1001 +3 
* 48060
* 1001
+1 10010
+1 6006
cfn=(620) comp_distance
calls=1001 -25 
* 1437623039
* 138138
cfn=(620)
calls=23023 -25 
* 33065310278
* 24024
-1 48048
+3 6006

fn=(620)
6 72072
cob=(3)
cfi=(100)
cfn=(410)
calls=24024 +26 
* 1153156
* 24024
+2 24024
+3 144144
+4 120120
+1 24024
+1 24024
-2 24024
+1 24024
-1 24024
+1 48048
+1 24024
-1 24024
+1 48048
-6 24024
+6 24024
+1 48048
+1 48048
+1 72072
-9 24024
+4 6633386760
+1 1326677352
+1 1326677352
-2 1326677352
+1 1326677352
-1 1326677352
+1 2653354704
+1 1326677352
-1 1326677352
+1 2653354704
-6 1326677352
+6 1326677352
+1 2653354704
+1 2653354704
+1 3980032056
-9 1326677352
+17 24024
-3 48048
cob=(4) /lib/x86_64-linux-gnu/libm-2.23.so
cfi=(140) /build/glibc-Cl5G7W/glibc-2.23/math/w_pow.c
cfn=(626) pow
calls=24023 +1 
* 7182877
cob=(1)
cfi=(67)
cfn=(259)
calls=1 +39 
* 1144
* 24028

fl=(134)
fn=(692) free_population
76 7
cob=(3)
cfi=(100)
cfn=(410)
calls=1 -44 
* 61
* 1
+2 1
-2 1
+2 7
+3 3
cob=(3)
cfi=(70)
cfn=(532)
calls=1 2934 
* 56
* 1
* 69
cob=(3)
cfi=(70)
cfn=(532)
calls=23 2934 
* 1288
* 23
-3 48
+6 1
-1 1
+1 4
-1 1
cob=(3)
cfi=(70)
cfn=(532)
calls=1 2934 
* 130
* 1

fn=(646)
12 212982
cob=(3)
cfi=(100)
cfn=(410)
calls=70994 +20 
* 2271808
* 70994
+2 70994
-1 212982
+1 70994

fn=(690) updateChannels
68 3
cob=(3)
cfi=(100)
cfn=(410)
calls=1 -36 
* 52
* 1
+1 7
+1 1
-1 1
+1 3
+1 4
+1 4
-3 5
+1 55223
-1 55223
+1 165669
+1 220892
+1 220892
-3 276115
+5 2

fn=(716) free_image
86 10
cob=(3)
cfi=(100)
cfn=(410)
calls=2 -54 
* 64
* 2
* 2
+2 4
cob=(3)
cfi=(70)
cfn=(532)
calls=2 2934 
* 112
* 2
+2 2
-1 2
+1 4
-1 2
cob=(3)
cfi=(70)
cfn=(532)
calls=2 2934 
* 200
* 2

fn=(602) evolve_image
15 9
cob=(3)
cfi=(100)
cfn=(410)
calls=1 +17 
* 32
* 1
+2 1
-2 2
+2 2
-2 1
+2 1
-2 1
+2 1
cfi=(135) /mnt/c/Users/harsh/Desktop/ass4(2)/population.c
cfn=(604) generate_population
calls=1 +8 
* 210616589
+1 3
-1 1
+1 1
cfi=(139)
cfn=(618)
calls=1 +11 
* 34469609
+1 7
cob=(1)
cfi=(67)
cfn=(259)
calls=1 +45 
* 13155
* 5
+9 1
-6 2
+6 1
+3 1
-11 2
+2 1
+6 1
+3 1
+2 2
+5 1
-5 1
cfi=(145)
cfn=(648)
calls=1 -8 
* 4971127
+1 4
cfi=(146) /mnt/c/Users/harsh/Desktop/ass4(2)/mutate.c
cfn=(652) mutate_population
calls=1 -16 
* 64110
+1 4
cfi=(139)
cfn=(618)
calls=1 -6 
* 34468756
+1 5
cob=(3)
cfi=(144)
cfn=(640)
calls=1 308 
* 10353
* 1
* 994
+2 989
-7 1978
+7 10
-7 22
+2 2997
cfi=(145)
cfn=(648)
calls=999 -8 
* 4966147688
+1 3996
cfi=(146)
cfn=(652)
calls=999 -16 
* 62085902
+1 3996
cfi=(139)
cfn=(618)
calls=999 -6 
* 34434283252
+1 4995
cob=(3)
cfi=(144)
cfn=(640)
calls=999 308 
* 10479064
* 999
+2 1998
-1 999
+1 7992
fi=(125)
+66 210
cob=(3)
cfi=(126)
cfn=(572)
calls=10 -78 
* 86409
* 10
fe=(134)
-62 40
cob=(4)
cfi=(140)
cfn=(626)
calls=10 -16 
* 3000
* 10
* 10
+1 30
-1 20
+1 72
+15 3
cob=(3)
cfi=(70)
cfn=(426)
calls=1 2902 
* 195
* 1
* 1
+1 2
+1 2
+1 2
+1 3
cob=(3)
cfi=(70)
cfn=(426)
calls=1 2902 
* 280
* 1
+1 1
-1 1
+1 2
cfn=(690)
calls=1 +5 
* 994097
+1 3
cfn=(692)
calls=1 +12 
* 1704
+2 9

fl=(135)
fn=(604)
25 9
cob=(3)
cfi=(100)
cfn=(410)
calls=1 +7 
* 52
* 1
* 4
+4 1
-4 1
+4 1
cob=(3)
cfi=(70)
cfn=(426)
calls=1 2902 
* 183
* 1
+3 1
-3 2
+3 6
+1 1
+1 1
+2 1
-1 1
+1 3
cfn=(606) generate_random_image
calls=1 -30 
* 8776570
-3 23
+1 23
+2 23
-1 23
+1 69
cfn=(606)
calls=23 -30 
* 201839484
* 48
-4 48
+9 9

fn=(606)
6 168
cob=(3)
cfi=(100)
cfn=(410)
calls=24 +26 
* 1156
* 24
+3 24
-3 24
+3 24
+3 24
-3 24
+3 24
cob=(3)
cfi=(70)
cfn=(426)
calls=24 2902 
* 6720
* 24
+3 24
-3 24
+3 144
+2 24
cob=(3)
cfi=(136)
cfn=(612)
calls=23 +9 
* 1080
cob=(1)
cfi=(67)
cfn=(259)
calls=1 +47 
* 979
* 28
* 1325352
cob=(3)
cfi=(136)
cfn=(612)
calls=1325352 +9 
* 62248791
* 1325352
* 5301504
+1 1325376
cob=(3)
cfi=(136)
cfn=(612)
calls=1325376 +8 
* 62249918
* 1325376
* 3976128
+1 1325376
cob=(3)
cfi=(136)
cfn=(612)
calls=1325376 +7 
* 62249918
* 1325376
* 3976128
-4 2650752
+8 168

fl=(146)
fn=(652)
18 6000
cob=(3)
cfi=(100)
cfn=(410)
calls=1000 +14 
* 48008
* 1000
+1 4000
+1 13000
+1 4000
cfn=(654) mutate
calls=1000 -16 
* 3442505
* 68000
cfn=(654)
calls=17000 -16 
* 58522499
-1 36000
+3 5000

fn=(654)
5 162000
cob=(3)
cfi=(100)
cfn=(410)
calls=18000 +27 
* 864004
* 18000
+2 18000
+1 36000
-3 18000
+4 18000
-2 18000
+1 18000
-1 18000
+3 18000
-2 36000
+2 18000
-2 18000
+2 36000
+1 18000
cob=(3)
cfi=(136)
cfn=(612)
calls=18000 +15 
* 845419
* 18000
* 261000
cob=(3)
cfi=(136)
cfn=(612)
calls=261000 +15 
* 12258580
* 261000
+1 279000
-2 279000
+2 1674000
cob=(3)
cfi=(136)
cfn=(612)
calls=279000 +14 
* 13104000
* 279000
* 837000
+1 837000
cob=(3)
cfi=(136)
cfn=(612)
calls=279000 +13 
* 13104001
* 279000
* 837000
+1 558000
cob=(3)
cfi=(136)
cfn=(612)
calls=279000 +12 
* 13104000
* 279000
* 558000
-4 279000
+4 279000
-4 279000
+6 144000

fl=(99)
fn=(404)
19 5
cob=(1)
cfi=(67)
cfn=(259)
calls=1 +45 
* 961
* 5
+1 2
cfi=(102)
cfn=(414)
calls=1 -3 
* 193609736
fi=(125)
+84 1
fe=(99)
-79 2
fi=(125)
+79 2
fe=(99)
-84 1
fi=(125)
+84 9
cob=(1)
cfi=(67)
cfn=(259)
calls=1 -40 
* 5196
* 5
fe=(99)
-77 5
cfi=(134)
cfn=(602)
calls=1 -12 
* 39758727784
+2 2
-2 1
+2 1
cfi=(102)
cfn=(696)
calls=1 +47 
* 77909726
+1 2
cfi=(134)
cfn=(716)
calls=1 +56 
* 204
+1 2
cfi=(134)
cfn=(716)
calls=1 +55 
* 204
+1 2
cob=(1)
cfi=(67)
cfn=(259)
calls=1 +32 
* 4802
* 5

ob=(1)
fl=(28) /build/glibc-Cl5G7W/glibc-2.23/string/strdup.c
fn=(80) strdup
40 16
+1 4
cfi=(11) /build/glibc-Cl5G7W/glibc-2.23/string/../sysdeps/x86_64/strlen.S
cfn=(22) strlen
calls=4 +25 
* 118
* 4
+1 8
cfi=(17)
cfn=(40) malloc
calls=4 +52 
* 116
* 4
+2 8
+4 4
-1 8
+1 8
-1 8
cfi=(18) /build/glibc-Cl5G7W/glibc-2.23/string/../sysdeps/x86_64/multiarch/../memcpy.S
cfn=(46) memcpy
calls=4 +14 
* 134

fl=(27) /build/glibc-Cl5G7W/glibc-2.23/string/../sysdeps/x86_64/multiarch/../strchr.S
fn=(74) index
24 11
+1 11
+1 11
+1 11
+1 11
+1 11
+1 11
+1 11
+1 11
+1 11
+1 11
+1 11
+1 11
+1 11
+1 11
+1 11
+1 11
+1 8
+4 8
+1 8
+1 8
+1 8
+2 8
+4 3
+1 3
+1 3
+1 3
+1 3
+1 3
+1 3
+1 3
+1 3
+1 3
+1 3
+1 3
+1 3
+1 3
+1 3
+1 3
+1 3
+1 3
+1 3
+1 3
+1 3
+1 3
+1 3
+1 3
+52 3
+4 3
+1 3
+1 3
+1 3
+2 3

fl=(18)
fn=(46)
61 19
+2 19
+2 19
+3 17
+1 17
+2 5
+1 5
+2 5
+1 5
+5 5
+1 5
-1 12
+1 12
+2 6
+1 6
+2 6
+1 12
+5 6
+1 6
-1 11
+1 11
+2 3
+1 3
+2 3
+1 3
+5 3
+1 3
-1 14
+1 14
+2 12
+1 12
+2 12
+1 12
+5 12
+1 12
-1 5
+1 13
+5 8
+1 8
+1 8
+1 8
+2 8
+2 8
+1 8
+2 8
+8 17
+8 8
+6 8
+2 8
+1 8
+3 2
+1 6
+5 2
+1 2
+2 2
+2 2
+1 2
+2 2
-8 11
+1 11
+2 11
+2 11
+1 11
+2 15
+9 2
+1 2
-1 6
+1 6
+3 8
+1 8
+1 8
+5 6
+2 6
+1 6
+1 6
+1 6
+2 6
+1 6
+1 6
+1 6
+2 6
+1 6
+2 6
+22 8
+6 8
+1 8
+2 2

fl=(14) /build/glibc-Cl5G7W/glibc-2.23/string/../sysdeps/x86_64/multiarch/../memcmp.S
fn=(30) bcmp
24 18
+1 18
+1 18
+1 18
+1 18
+1 18
+1 18
+1 18
+3 18
+1 18
+1 6
+1 6
+1 6
+1 6
+1 6
+1 6
+1 6
+2 17
+1 17
+1 5
+1 5
+1 5
+1 5
+1 5
+1 5
+1 5
+2 17
+1 17
+1 6
+1 6
+1 6
+1 6
+1 2
+1 2
+1 2
+2 13
+1 13
+1 7
+1 7
+1 7
+1 7
+5 6
+1 6
+1 6
+1 6
+1 6
+1 6
+1 6
+1 3
+1 3
+1 3
+1 3
+1 3
+7 3
+2 4
+4 11
+1 11
+1 2
+1 2
+1 2
+1 2
+1 2
+1 2
+1 2
+1 2
+1 2
+1 2
+1 2
+4 12
+1 12

fl=(26) /build/glibc-Cl5G7W/glibc-2.23/string/../sysdeps/x86_64/multiarch/../memset.S
fn=(72) memset
53 16
+1 16
+1 16
+1 16
+1 16
+2 16
+1 16
+1 14
+1 14
+15 2
+1 2
+1 2
+1 2
+1 2
+1 2
+1 2
+1 2
+1 2
+1 2
+1 2
+1 2
+1 2
+1 4
+3 2
+1 2
+1 2
+1 2
+1 2
+1 2
+1 2
-6 34
+1 34
+1 34
+1 34
+1 34
+1 34
+1 34
+1 2
+3 14
+1 14
+1 14
+1 6
+1 6
+1 2
+1 2
+3 2
+1 2
+1 2
+1 2
+2 4
+1 4
+1 4
+2 8
+1 8
+1 8

fl=(1) ???
fn=(0) 0x0000000000000c30
0 2
cfi=(2)
cfn=(2) _dl_start
calls=1 353 
0 111222
0 14
cfi=(65) /build/glibc-Cl5G7W/glibc-2.23/elf/dl-init.c
cfn=(240) _dl_init
calls=1 80 
0 64345
0 3
cob=(5)
cfi=(66)
cfn=(374)
calls=1 0 
0 40030259945

fl=(23) /build/glibc-Cl5G7W/glibc-2.23/elf/dl-hwcaps.c
fn=(66) _dl_important_hwcaps
39 6
+3 1
-3 2
+3 1
-1 1
+1 1
+9 1
-12 4
+12 2
+10 4
162 2
-47 3
cfi=(24) /build/glibc-Cl5G7W/glibc-2.23/io/../sysdeps/unix/syscall-template.S
cfn=(68) access
calls=1 -31 
* 9
* 2
+55 3
+2 2
+1 5
+4 2
+4 1
-4 1
+1 1
+3 1
+3 1
+1 1
-1 1
+4 3
+1 1
-1 9
+1 1
+18 10
+1 2
-1 1
+1 3
cfi=(17)
cfn=(40)
calls=1 94 
* 29
* 1
+1 1
-1 1
+1 5
+29 1
+3 1
-3 2
+3 1
+23 7
+6 2
-1 2
+1 6
-1 8
+5 6
+3 1
-3 1
+3 1
-3 3
+3 1
-3 1
+3 5
+1 12
+1 4
-1 4
+1 8
-2 4
+1 8
-1 14
+4 4
+4 1
-1 1
+2 1
-2 1
+1 1
+1 1
-2 1
+2 10
+13 2
+1 1
-1 1
+3 2
-3 2
+1 1
-1 1
+3 2
+3 4
+3 1
-1 1
+1 9
113 1
+17 1
+1 1
-1 9
243 6
cfi=(25) /build/glibc-Cl5G7W/glibc-2.23/string/../sysdeps/x86_64/memcpy.S
cfn=(70) mempcpy
calls=1 61 
* 22
* 4
cfi=(25)
cfn=(70)
calls=1 61 
* 18
+1 4
cfi=(25)
cfn=(70)
calls=1 61 
* 22
* 4
cfi=(25)
cfn=(70)
calls=1 61 
* 18
* 12

fl=(45) /build/glibc-Cl5G7W/glibc-2.23/elf/dl-reloc.c
fn=(166) _dl_relocate_object
149 50
+15 5
-15 10
+15 5
+1 30
+6 10
+6 15
-18 10
+22 10
+7 5
-32 5
+32 5
+44 5
fi=(5) /build/glibc-Cl5G7W/glibc-2.23/elf/../sysdeps/x86_64/dl-machine.h
76 15
fe=(45)
232 10
fi=(5)
76 15
+6 8
+4 12
+14 4
-8 4
+10 4
-2 8
+20 8
+9 3
fe=(45)
258 206
-98 24
fi=(5)
301 32
fe=(45)
-43 4
fi=(4) /build/glibc-Cl5G7W/glibc-2.23/elf/do-rel.h
58 4
-10 4
-1 8
+11 4
-11 4
+11 4
fe=(45)
258 1
-98 6
fi=(5)
301 8
fe=(45)
-43 1
fi=(4)
58 1
-10 1
-1 2
+11 1
-11 1
+11 1
fe=(45)
258 5
fi=(4)
58 5
-10 5
-1 10
+11 5
-11 5
+11 5
+3 20
fi=(5)
528 72
+4 72
+2 108
+1 36
fi=(4)
61 168
+2 232
+2 70
-4 6
+13 8
+1 10
+1 44
fi=(5)
528 22
+26 22
fi=(4)
75 22
fi=(5)
554 44
cob=(4)
cfi=(60) ???
cfn=(228) sin
calls=1 0 
* 8
cob=(4)
cfi=(60)
cfn=(226) __atan2_finite
calls=1 0 
* 8
cob=(4)
cfi=(62) /build/glibc-Cl5G7W/glibc-2.23/math/../sysdeps/x86_64/fpu/multiarch/e_asin.c
cfn=(224) __asin_finite
calls=1 16 
* 5
cob=(4)
cfi=(64) /build/glibc-Cl5G7W/glibc-2.23/math/../sysdeps/x86_64/fpu/multiarch/s_floor.S
cfn=(222) floor
calls=1 25 
* 5
cob=(4)
cfi=(63) /build/glibc-Cl5G7W/glibc-2.23/math/../sysdeps/x86_64/fpu/multiarch/s_floorf.S
cfn=(220) floorf
calls=1 25 
* 5
cob=(4)
cfi=(62)
cfn=(218) __acos_finite
calls=1 10 
* 5
cob=(4)
cfi=(61) /build/glibc-Cl5G7W/glibc-2.23/math/../sysdeps/x86_64/fpu/multiarch/s_rintf.S
cfn=(216) rintf
calls=1 25 
* 5
cob=(4)
cfi=(60)
cfn=(214) __log_finite
calls=1 0 
* 8
cob=(4)
cfi=(59) /build/glibc-Cl5G7W/glibc-2.23/math/../sysdeps/x86_64/fpu/multiarch/e_pow.c
cfn=(212) __pow_finite
calls=1 8 
* 5
cob=(4)
cfi=(58) /build/glibc-Cl5G7W/glibc-2.23/math/../sysdeps/x86_64/fpu/multiarch/s_ceil.S
cfn=(210) ceil
calls=1 25 
* 5
cob=(4)
cfi=(57) /build/glibc-Cl5G7W/glibc-2.23/math/../sysdeps/x86_64/fpu/multiarch/s_ceilf.S
cfn=(208) ceilf
calls=1 25 
* 5
cob=(4)
cfi=(56) /build/glibc-Cl5G7W/glibc-2.23/math/../sysdeps/x86_64/fpu/multiarch/s_rint.S
cfn=(206) rint
calls=1 25 
* 5
cob=(4)
cfi=(55) /build/glibc-Cl5G7W/glibc-2.23/math/../sysdeps/x86_64/fpu/multiarch/s_sin.c
cfn=(204) cos
calls=1 12 
* 8
cob=(4)
cfi=(54) /build/glibc-Cl5G7W/glibc-2.23/math/../sysdeps/x86_64/fpu/multiarch/e_exp.c
cfn=(202) __exp_finite
calls=1 9 
* 8
cob=(3)
cfi=(53)
cfn=(198)
calls=1 0 
* 11
cob=(3)
cfi=(52)
cfn=(194)
calls=1 37 
* 66
cob=(3)
cfi=(51)
cfn=(192)
calls=1 30 
* 6
cob=(3)
cfi=(50)
cfn=(190)
calls=1 45 
* 6
cob=(3)
cfi=(46)
cfn=(188)
calls=1 129 
* 5
cob=(3)
cfi=(50)
cfn=(186)
calls=1 45 
* 6
cob=(3)
cfi=(47)
cfn=(180)
calls=1 38 
* 66
cob=(3)
cfi=(46)
cfn=(178)
calls=1 109 
* 5
fi=(4)
75 22
fi=(5)
555 22
fi=(4)
75 28
fe=(45)
258 4
fi=(4)
75 16
fe=(45)
258 16
+3 20
+24 5
+3 10
+17 15
+2 40
fi=(4)
84 6
-1 6
+3 12
-3 6
+3 6
+12 18
+10 8
+3 11
fi=(5)
512 3
fi=(4)
112 6
fi=(5)
512 1198
fi=(4)
112 2384
fi=(5)
512 2384
+5 2390
+1 2390
fi=(4)
111 2390
fi=(5)
518 1195
fi=(4)
111 1195
+7 18
+6 5
-3 10
+3 13
fi=(5)
447 12
fi=(4)
127 416
+9 208
+3 104
-3 104
+3 104
fi=(5)
269 104
fi=(4)
138 104
-2 104
+1 416
fi=(5)
269 104
+21 208
+4 208
+7 2031
fi=(4)
137 87
fi=(5)
301 174
fi=(4)
137 87
fi=(5)
301 87
fi=(4)
137 87
fi=(5)
301 1392
cfi=(6) /build/glibc-Cl5G7W/glibc-2.23/elf/dl-lookup.c
cfn=(172) _dl_lookup_symbol_x
calls=87 806 
* 53802
* 696
+2 270
+3 100
-3 200
+3 300
+6 624
fe=(45)
178 10
fi=(5)
435 267
fi=(4)
124 320
+19 8
fi=(5)
301 54
fi=(4)
108 3
fi=(5)
407 45
+4 75
+14 75
fe=(45)
313 25
+3 5
-3 10
+3 5
+4 10
+1 20
cfi=(39) /build/glibc-Cl5G7W/glibc-2.23/misc/../sysdeps/unix/syscall-template.S
cfn=(126) mprotect
calls=5 84 
* 25
* 15
fi=(5)
123 20
+6 16
fe=(45)
258 3
fi=(4)
129 10
fi=(5)
301 87
fi=(4)
160 7
+2 20
+8 10
+1 5
-1 5
+1 5
fi=(5)
+98 5
fi=(4)
-99 15
fi=(5)
+99 5
+21 10
+4 10
+7 180
cfi=(6)
cfn=(172)
calls=5 806 
* 2601
* 35
+2 15
+3 2
-3 4
+3 6
+6 30
435 15
fi=(4)
160 17
+14 2
fi=(5)
301 6
fe=(45)

fl=(2)
fn=(102) map_doit
496 1
+2 1
-2 1
+3 8
cfi=(22) /build/glibc-Cl5G7W/glibc-2.23/elf/dl-load.c
cfn=(104) _dl_map_object
calls=1 2189 
* 2358
* 1
+2 2

fn=(98) _dl_initial_error_catch_tsd
664 14

fn=(152) version_check_doit
529 2
+2 4
cfi=(44) /build/glibc-Cl5G7W/glibc-2.23/elf/dl-version.c
cfn=(154) _dl_check_all_versions
calls=1 380 
* 5612
* 2
+4 2

fn=(26) dl_main
790 1
+19 1
-19 7
2390 1
790 3
+19 1
+3 1
-22 1
2385 1
812 1
+4 2
+1 2
+5 2
2383 2
+7 4
-4 1
+4 8
+2 2
cfi=(13) /build/glibc-Cl5G7W/glibc-2.23/elf/dl-environ.c
cfn=(28) _dl_next_ld_env_entry
calls=1 30 
* 34
* 4
cfi=(13)
cfn=(28)
calls=2 30 
* 119
* 9
+4 50
+1 19
-1 57
+3 4
+6 14
2553 3
+30 3
832 3
1033 7
cfi=(15) /build/glibc-Cl5G7W/glibc-2.23/elf/dl-object.c
cfn=(32) _dl_new_object
calls=1 61 
* 250
+2 1
-2 1
+2 1
+1 1
+1 1
+5 2
-5 1
+1 2
+4 1
cfi=(15)
cfn=(48) _dl_add_to_namespace_list
calls=1 32 
* 33
+1 3
799 1
1072 1
-3 1
-5 1
+1 1
+2 1
+5 7
+56 5
-55 24
-1 27
+1 47
1175 5
+3 2
+2 2
+2 3
+13 3
+1 6
cfi=(19) /build/glibc-Cl5G7W/glibc-2.23/string/../sysdeps/x86_64/multiarch/../strcmp.S
cfn=(54) strcmp
calls=1 144 
* 44
* 2
+7 1
+3 1
-5 1
+3 1
+2 1
+1 2
+4 2
+2 2
fi=(3) /build/glibc-Cl5G7W/glibc-2.23/elf/get-dynamic-info.h
30 1
+9 2
+6 1
-2 1
+2 2
+15 1
+5 1
+3 1
+2 1
-3 1
-3 1
-3 14
+10 3
-26 9
+16 20
+10 20
-26 60
+26 1
-26 3
+2 48
+13 16
+2 4
+16 3
+38 3
+5 2
+7 2
+1 3
+16 3
+14 3
+18 2
fe=(2)
1218 2
cfi=(6)
cfn=(10) _dl_setup_hash
calls=1 956 
* 23
+3 2
fi=(20) /build/glibc-Cl5G7W/glibc-2.23/elf/setup-vdso.h
24 2
fe=(2)
1243 1
cfi=(9) /build/glibc-Cl5G7W/glibc-2.23/elf/../sysdeps/unix/sysv/linux/dl-sysdep.c
cfn=(60) _dl_discover_osversion
calls=1 45 
* 85
* 8
-75 2
+1 2
+1 1
-6 2
+1 1
-88 3
+1 1
+50 2
-1 8
+2 4
+1 1
+3 2
+1 2
-1 2
+1 2
+1 2
+1 6
+1 2
-43 1
-2 2
+27 1
-25 2
+7 1
-10 1
+10 1
-19 3
+1 1
fi=(3)
65 4
+3 4
+2 4
fe=(2)
2480 1
+1 1
-1 2
+1 3
cfi=(14)
cfn=(30)
calls=1 24 
* 31
* 2
-55 4
cfi=(14)
cfn=(30)
calls=1 24 
* 18
* 2
+7 4
cfi=(14)
cfn=(30)
calls=1 24 
* 36
* 2
+2 3
+48 3
1248 2
cfi=(22)
cfn=(64) _dl_init_paths
calls=1 689 
* 1578
+3 3
cfi=(29) /build/glibc-Cl5G7W/glibc-2.23/elf/dl-debug.c
cfn=(86) _dl_debug_initialize
calls=1 50 
* 17
+7 1
-7 1
+2 1
+5 1
+3 3
+1 1
+3 1
-3 3
+1 2
+3 1
+5 1
-7 1
+7 1
+1 5
+17 2
+1 2
+5 1
-3 4
+2 2
+1 3
+5 3
+1 5
+2 2
+1 2
+5 2
+5 1
805 1
1314 2
1491 1
cfi=(30) /build/glibc-Cl5G7W/glibc-2.23/elf/dl-tls.c
cfn=(88) _dl_count_modids
calls=1 115 
* 4
* 1
+8 3
+3 1
+4 3
+5 1
+1 1
cfi=(29)
cfn=(90) _dl_debug_state
calls=1 74 
* 1
+1 1
+4 3
+15 3
+4 1
-2 1
+2 2
+2 3
+1 1
-1 2
+1 1
cfn=(92) handle_ld_preload
calls=1 757 
* 2986
* 1
+1 1
+2 6
+10 3
cfi=(24)
cfn=(68)
calls=1 84 
* 9
* 2
+77 1
-96 1
+96 3
+17 3
+1 1
-1 1
+1 2
-1 1
+1 5
cfi=(41) /build/glibc-Cl5G7W/glibc-2.23/elf/dl-deps.c
cfn=(134) _dl_map_object_deps
calls=1 161 
* 13110
+1 1
+2 2
+3 1
-3 3
+3 1
-3 1
+3 3
+1 4
-1 2
+1 16
-1 8
+4 3
+1 3
+1 1
+2 2
+1 6
-1 6
+1 8
-1 6
-3 1
+16 1
+1 2
-1 1
+1 1
+2 1
+2 3
+2 1
-4 1
+5 1
-1 2
+14 2
+1 2
+1 3
+11 1
+2 1
-2 1
+2 2
-1 1
+1 1
-2 3
+2 1
cfi=(32) /build/glibc-Cl5G7W/glibc-2.23/elf/dl-error.c
cfn=(150) _dl_receive_error
calls=1 205 
* 5652
+10 1
+1 1
-1 1
+1 1
+1 1
cfn=(160) init_tls
calls=1 589 
* 676
* 1
+2 2
719 1
+2 3
fi=(171) /build/glibc-Cl5G7W/glibc-2.23/elf/../sysdeps/unix/sysv/linux/dl-osinfo.h
77 1
fe=(2)
730 1
+7 1
-5 1
1729 3
1959 3
2129 4
+2 1
+5 3
cfi=(30)
cfn=(230) _dl_allocate_tls_init
calls=1 450 
* 147
+3 2
+9 3
+2 2
+15 1
+2 1
-2 2
+3 1
-3 1
+3 1
-3 1
+3 3
cfi=(45)
cfn=(166)
calls=1 149 
* 4284
+1 1
+2 6
+8 1
cfi=(7) /build/glibc-Cl5G7W/glibc-2.23/elf/../elf/dl-sysdep.c
cfn=(232) _dl_sysdep_start_cleanup
calls=1 256 
* 1
+4 3
+20 3
cfi=(29)
cfn=(86)
calls=1 50 
* 8
+1 1
-1 1
+2 1
cfi=(29)
cfn=(90)
calls=1 74 
* 1
+1 1
+4 1
cfi=(43) /build/glibc-Cl5G7W/glibc-2.23/elf/dl-cache.c
cfn=(234) _dl_unload_cache
calls=1 322 
* 15
+5 8
2080 3
+7 1
+2 3
+19 1
-19 4
+2 1
+2 15
+5 10
+2 10
+6 5
+2 10
+1 32
cfi=(45)
cfn=(166)
calls=4 149 
* 79644
+4 17
-22 12
+25 1
+2 5
+6 1
-6 1
+6 1
-10 2
cfi=(30)
cfn=(200) _dl_add_to_slotinfo
calls=1 890 
* 20
* 1
-12 1
+1 1
-3 2
-85 1
+11 1
-7 1
-4 1
+4 3
+4 2
+3 1
1672 2
-39 5
+1 1
-1 3
+4 3
+1 1
+1 2
+1 2
1237 3

fn=(50)
704 12

fn=(92)
757 7
+1 1
-1 1
-75 1
+86 1
-11 1
-75 6
+80 3
fi=(31) /build/glibc-Cl5G7W/glibc-2.23/elf/../string/bits/string2.h
961 1
+1 145
+1 46
-2 46
+2 46
-2 139
+2 1
-2 3
fe=(2)
766 2
+10 4
108 3
779 2
677 1
+5 5
-10 1
+4 1
+1 1
+1 1
+2 1
+2 1
cfi=(32)
cfn=(96) _dl_catch_error
calls=1 163 
* 2434
+1 3
+13 3
+84 1
-18 3
+21 9
-15 4
cfi=(18)
cfn=(46)
calls=1 61 
* 55
* 1
+1 2

fn=(2)
353 9
+18 4
fi=(5)
59 1
fe=(2)
371 1
fi=(3)
45 1
fi=(5)
+14 2
fe=(2)
397 1
fi=(3)
45 1
fe=(2)
394 1
fi=(3)
45 1
+25 2
-3 1
-7 1
+5 1
+3 1
+2 1
-3 1
-3 1
-3 2
-13 26
+23 13
-26 39
+26 1
-26 3
+2 36
+13 20
+1 16
+10 4
-26 12
+33 2
+20 4
+1 4
+1 4
+1 4
+2 4
+5 4
+1 4
+1 4
+6 3
+5 2
+7 3
+1 3
+8 3
+2 3
+3 2
+1 2
fe=(2)
408 2
302 1
415 1
302 1
cfi=(6)
cfn=(10)
calls=1 956 
* 23
+1 2
+1 2
+1 2
+1 2
+8 1
+9 1
-9 3
+9 1
-6 1
-3 1
+9 1
cfi=(7)
cfn=(12) _dl_sysdep_start
calls=1 86 
* 110574
* 1
+9 1
+3 4
+4 1
-4 1
+4 1
440 9
fi=(3)
62 4
+3 4
fe=(2)
413 26
fi=(4)
84 1
+27 1
-28 1
+28 2
+1 2
fi=(5)
517 2
fi=(4)
112 18
fi=(5)
517 18
+1 20
fi=(4)
111 20
fi=(5)
518 10
fi=(4)
111 10
+5 2
+8 1
fi=(5)
312 1
fi=(4)
124 2
+12 1
+1 3
fi=(5)
266 1
fi=(4)
137 1
fi=(5)
294 1
fi=(4)
137 2
fi=(5)
294 1
fi=(4)
136 5
+1 15
fi=(5)
266 5
fi=(4)
137 5
fi=(5)
294 5
fi=(4)
137 10
fi=(5)
294 5
+9 12
+3 6
-3 12
+3 18
+6 36
fi=(3)
68 4
+2 3
fi=(5)
425 12
fi=(4)
124 19
fe=(2)

fn=(52)
710 12

fn=(160)
589 1
+6 1
-6 1
+2 2
+4 1
+10 4
cfi=(17)
cfn=(36) calloc
calls=1 103 
* 89
* 1
+11 1
-5 1
-7 1
+6 1
+2 1
-1 1
+5 1
+2 1
-1 1
+1 12
+2 10
+4 1
+2 1
-2 2
-5 10
+9 3
+3 1
cfi=(30)
cfn=(162) _dl_determine_tlsoffset
calls=1 138 
* 71
+7 1
cfi=(30)
cfn=(164) _dl_allocate_tls_storage
calls=1 354 
* 439
+1 1
-1 1
+1 1
+6 1
+3 1
-3 1
+3 6
+3 1
+2 1
+1 2

fl=(39)
fn=(126)
84 32
+1 8

fn=(236) munmap
84 4
+1 1

fl=(19)
fn=(54)
144 411
+1 411
+2 411
+1 411
+21 411
+1 411
+1 313
+1 313
+1 297
+1 297
+1 297
+1 297
+21 297
+1 297
+1 297
+1 297
+1 297
+1 297
+1 297
+5 7
+1 7
+9 7
+1 7
+1 7
+1 7
+1 7
+1 7
+1 7
+1 7
-7 114
+1 114
+1 114
+1 114
+1 114
+1 114
+1 114
+1 114
+1 79
+1 47
+1 47
+1 47
+2 47
+1 47
+1 47
+1 47
+1 47
+1 47
-5 32
+1 32
+1 32
+1 32
+1 32
+1 32
+10 42
+1 42
+1 42
+2 42
+6 42
+1 42
+1 42
+1 42
+1 42
+5 42
+2 1
+1 1
+1 2
+8 1
+1 1
+3 1
+1 1
+1 1
+1 1
+1 1
+1 1
696 1
+1 1
+1 1
+1 1
+1 1
+2 1
+1 1
+1 1
+1 1
+1 1
+1 1
+1 1
821 2
+1 2
+1 2
+1 2
+1 2
+2 2
+1 2
+1 2
+1 2
+1 2
+1 2
+1 2
1196 4
+1 4
+1 4
+1 4
+1 4
+2 4
+1 4
+1 4
+1 4
+1 4
+1 4
+1 4
1321 26
+1 26
+1 26
+1 26
+1 26
+2 26
+1 26
+1 26
+1 26
+1 26
+1 26
+1 26
1446 11
+1 11
+1 11
+1 11
+1 11
+2 11
+1 11
+1 11
+1 11
+1 11
+1 11
+1 11
+1 1
+4 1
+1 1
+1 1
+6 1
+1 1
+1 2
+4 1
+1 1
+3 1
+1 1
+1 1
+3 1
+1 1
+1 1
+6 1
+1 1
+1 1
+1 1
+1 1
+1 1
+72 2
+1 2
+1 2
+1 2
+1 2
+2 2
+1 2
+1 2
+1 2
+1 2
+1 2
+1 2
+1 1
+4 1
+1 1
+1 1
+6 1
+1 1
+1 2
+4 1
+1 1
+3 1
+1 1
+1 1
+3 1
+1 1
+1 1
+6 1
+1 1
+1 1
+1 1
+1 1
+1 1
+72 14
+1 14
+1 14
+1 14
+1 14
+2 14
+1 14
+1 14
+1 14
+1 14
+1 14
+1 14
+1 1
+4 1
+1 1
+1 1
+6 1
+1 1
+1 2
+4 1
+1 1
+3 1
+1 1
+1 1
+3 1
+1 1
+1 1
+6 1
+1 1
+1 1
+1 1
+1 1
+1 1
+72 4
+1 4
+1 4
+1 4
+1 4
+2 4
+1 4
+1 4
+1 4
+1 4
+1 4
+1 4
+1 4
+4 4
+1 4
+1 4
+6 4
+1 4
+1 8
+4 4
+1 4
+3 4
+1 4
+1 4
+3 4
+1 4
+1 4
+6 4
+1 4
+1 4
+1 4
+1 4
+1 4
+72 6
+1 6
+1 6
+1 6
+1 6
+2 6
+1 6
+1 6
+1 6
+1 6
+1 6
+1 6
+1 3
+4 3
+1 3
+1 3
+6 3
+1 3
+1 6
+4 3
+1 3
+3 3
+1 3
+1 3
+3 3
+1 3
+1 3
+6 3
+1 3
+1 3
+1 3
+1 3
+1 3
+72 9
+1 9
+1 9
+1 9
+1 9
+2 9
+1 9
+1 9
+1 9
+1 9
+1 9
+1 9
2200 11
+2 11
+1 11
+1 11
+1 11
-3 110
+1 110
+1 110
+1 110
+1 141
+5 47
+6 47
+1 47
+8 47
+1 47
-16 364
+6 364
+1 364
+8 364
+1 364

fl=(67)
fn=(258)
64 3
+3 3
+2 3
+2 3
+3 3
+1 3
+1 3
+1 3
+1 3
+1 3
+1 3
+1 3
+1 3
+1 3
+1 3
+1 3
+1 3
+1 3
+1 3
+5 3
+1 3
+1 3
+1 3
+14 3
+1 3
+1 3
cfi=(68) /build/glibc-Cl5G7W/glibc-2.23/elf/../elf/dl-runtime.c
cfn=(260) _dl_fixup
calls=3 -46 
* 2889
+1 3
+5 3
+1 3
+1 3
+1 3
+13 3
+1 3
+1 3
+1 3
+1 3
+1 3
+1 3
+1 3
+1 3
+1 3
+1 3
+1 3
+1 3
+1 3
+1 3
+2 3
+2 3
+4 3
+3 3
cob=(3)
cfi=(95)
cfn=(380)
calls=1 -25 
* 40030258878
cob=(3)
cfi=(84)
cfn=(320)
calls=1 57 
* 60
cob=(3)
cfi=(69)
cfn=(264)
calls=1 -58 
* 60563

fn=(259)
64 17
+3 17
+2 17
+2 17
+3 17
+1 17
+1 17
+1 17
+1 17
+1 17
+1 17
+1 17
+1 17
+1 17
+1 17
+1 17
+1 17
+1 17
+1 17
+5 17
+1 17
+1 17
+1 17
+14 17
+1 17
+1 17
cfi=(68)
cfn=(260)
calls=17 -46 
* 15131
+1 17
+5 17
+1 17
+1 17
+1 17
+13 17
+1 17
+1 17
+1 17
+1 17
+1 17
+1 17
+1 17
+1 17
+1 17
+1 17
+1 17
+1 17
+1 17
+1 17
+2 17
+2 17
+4 17
+3 17
cob=(3)
cfi=(163)
cfn=(722)
calls=1 -55 
* 3880
cob=(3)
cfi=(162)
cfn=(712)
calls=1 32 
* 38
cob=(3)
cfi=(161)
cfn=(704)
calls=1 26 
* 1972
cob=(3)
cfi=(144)
cfn=(640)
calls=1 308 
* 12225
cob=(4)
cfi=(140)
cfn=(626)
calls=1 26 
* 299
cob=(3)
cfi=(136)
cfn=(612)
calls=1 26 
* 47
cob=(3)
cfi=(126)
cfn=(572)
calls=1 26 
* 4169
cob=(3)
cfi=(70)
cfn=(426)
calls=1 2902 
* 195
cob=(3)
cfi=(123)
cfn=(540)
calls=1 39 
* 616
cob=(3)
cfi=(70)
cfn=(532)
calls=1 2934 
* 311
cob=(3)
cfi=(70)
cfn=(510)
calls=1 2974 
* 465
cob=(3)
cfi=(115)
cfn=(488)
calls=1 26 
* 1350
cob=(3)
cfi=(108)
cfn=(452)
calls=1 32 
* 728
cob=(3)
cfi=(103)
cfn=(420)
calls=1 -62 
* 502
cob=(3)
cfi=(100)
cfn=(410)
calls=1 32 
* 32
cfi=(74) /build/glibc-Cl5G7W/glibc-2.23/elf/dl-open.c
cfn=(286) _dl_find_dso_for_object
calls=1 +23 
* 39
cob=(3)
cfi=(70)
cfn=(272)
calls=1 3172 
* 59641

fl=(37) /build/glibc-Cl5G7W/glibc-2.23/misc/../sysdeps/unix/sysv/linux/wordsize-64/mmap.c
fn=(122) mmap
33 11
-1 110
+1 27
+1 110
+2 77
-3 26

fl=(21) /build/glibc-Cl5G7W/glibc-2.23/posix/../sysdeps/unix/syscall-template.S
fn=(62) uname
84 4
+1 1

fl=(9)
fn=(60)
45 7
+2 3
+85 8
-45 3
cfi=(21)
cfn=(62)
calls=1 -3 
* 5
* 1
+15 1
-15 1
+20 1
-1 1
+3 12
+4 3
-2 6
+2 9
+7 3
-1 3
+4 3
-2 3
+2 10
+5 2

fl=(12) /build/glibc-Cl5G7W/glibc-2.23/elf/../misc/sbrk.c
fn=(24) sbrk
34 4
+8 6
+4 2
+16 5

fl=(32)
fn=(96)
163 12
+15 6
-3 12
+1 12
-13 12
+14 12
+1 6
+2 6
cfi=(2)
cfn=(98)
calls=6 664 
* 12
+2 6
-1 6
+4 6
-3 12
+3 6
-4 6
+4 6
cfi=(33) /build/glibc-Cl5G7W/glibc-2.23/setjmp/../sysdeps/x86_64/setjmp.S
cfn=(100) __sigsetjmp
calls=6 26 
* 120
* 18
+2 18
cfi=(41)
cfn=(136) openaux
calls=5 60 
* 10667
cfi=(2)
cfn=(102)
calls=1 496 
* 2372
+1 12
+2 6
+1 6
-3 6
+1 12
+1 6
+9 6
-8 6
+8 18

fn=(150)
205 10
+1 1
cfi=(2)
cfn=(98)
calls=1 664 
* 2
+5 1
-1 1
-4 1
+9 1
+2 1
-3 1
+3 1
cfi=(2)
cfn=(152)
calls=1 529 
* 5622
+2 1
+1 1
+1 8

fl=(13)
fn=(28)
30 3
+3 10
+13 18
-13 54
+2 40
+1 18
+5 2
-3 2
+3 2
+2 2
-12 1
+19 1

fl=(30)
fn=(88)
115 2
+1 2

fn=(148) _dl_next_tls_modid
49 1
+3 4
+48 1
+4 2

fn=(164)
354 3
+2 1
+11 3
cfi=(17)
cfn=(44) __libc_memalign
calls=1 52 
* 76
* 1
+1 2
+7 2
+4 1
-57 1
+57 296
-58 2
+1 2
cfi=(17)
cfn=(36)
calls=1 103 
* 38
* 1
+1 2
+3 1
+6 2
+64 5

fn=(162)
138 7
+6 3
+3 2
+36 3
+2 10
+3 1
-1 1
+5 2
-5 3
+3 3
+2 5
+16 3
+2 2
-2 2
+2 2
+10 1
-37 2
+25 1
-25 4
+40 4
+1 1
+51 1
+1 8

fn=(200)
890 3
+9 1
-9 1
+6 2
+8 5
+41 1
+1 3
+1 4

fn=(230)
450 2
-1 7
+5 1
+6 3
-6 1
+6 1
-4 1
+16 1
-15 3
+20 6
+6 16
+3 1
+1 2
+6 3
+3 1
-2 2
+2 4
+1 1
+3 1
-1 3
+4 2
+1 4
+2 2
+9 6
cfi=(25)
cfn=(70)
calls=1 61 
* 23
* 4
cfi=(26)
cfn=(72)
calls=1 53 
* 30
* 2
-38 3
+52 2
+2 1
+1 8

fl=(22)
fn=(108) open_verify.constprop.7
1717 88
+39 8
-39 24
+39 30
+31 32
cfi=(24)
cfn=(110) open
calls=8 84 
* 60
+2 8
-2 8
+2 11
+10 3
+1 6
+5 24
cfi=(24)
cfn=(112) read
calls=3 84 
* 15
+2 6
+2 3
+2 3
-2 6
+2 3
+6 6
+16 12
cfi=(14)
cfn=(30)
calls=3 24 
* 90
* 27
cfi=(14)
cfn=(30)
calls=3 24 
* 108
* 6
+74 6
+5 6
+2 12
+6 6
+11 6
+6 3
+1 3
-1 12
+1 3
-1 3
+1 6
+1 9
+20 135
+2 49
+4 12
+1 9
+12 21
+4 9
+5 2
+1 2
-13 8
cfi=(14)
cfn=(30)
calls=2 24 
* 50
* 12
cfi=(14)
cfn=(30)
calls=3 24 
* 90
* 10
+16 4
+3 14
+3 6
+1 10
-39 3
+67 29
-23 5
+23 35
1826 2
+7 8
cfi=(14)
cfn=(30)
calls=2 24 
* 48
* 4

fn=(114) _dl_map_object_from_fd
893 33
+10 3
-10 3
+10 3
-10 9
+10 3
cfi=(29)
cfn=(86)
calls=3 50 
* 24
fi=(35) /build/glibc-Cl5G7W/glibc-2.23/elf/../sysdeps/posix/dl-fileid.h
37 9
fe=(22)
903 3
fi=(35)
37 3
cfi=(36) /build/glibc-Cl5G7W/glibc-2.23/io/../sysdeps/unix/sysv/linux/wordsize-64/fxstat.c
cfn=(120) _fxstat
calls=3 -3 
* 30
* 6
+4 3
fe=(22)
919 3
fi=(35)
40 3
+1 3
fe=(22)
919 48
+1 18
fi=(35)
49 24
fe=(22)
1465 24
937 6
+24 6
+10 6
+22 12
+32 6
904 3
1028 21
cfi=(15)
cfn=(32)
calls=3 61 
* 1227
+1 3
-1 3
+1 3
+11 6
+1 3
-1 3
+2 3
-1 3
+4 3
-1 6
-2 3
+2 6
+1 9
+1 3
+19 3
-2 3
+10 3
-8 18
+8 3
-8 9
+8 3
+87 3
+8 3
-8 12
+8 3
-8 9
-86 45
-1 192
+1 135
+6 6
+1 9
+1 3
+9 30
+5 48
+9 18
-1 18
+1 6
+1 12
+2 6
-2 6
+1 6
-1 6
+3 6
+4 6
-7 6
+2 6
+1 6
+4 6
+1 18
+4 9
-14 3
+14 18
+11 3
-11 9
-14 3
+14 18
+11 3
-44 2
+1 1
+46 3
+4 1
+1 1
+1 1
-1 2
+1 1
+3 3
+1 1
+3 1
-3 1
+7 4
+6 1
cfi=(30)
cfn=(148)
calls=1 49 
* 8
* 2
+1 1
+59 6
+1 9
+1 3
-6 6
+1 3
+8 9
1041 3
1229 3
1041 3
1229 3
+10 9
fi=(38) /build/glibc-Cl5G7W/glibc-2.23/elf/./dl-map-segments.h
56 6
fe=(22)
1239 9
fi=(38)
56 3
fe=(22)
1239 3
fi=(38)
56 3
fe=(22)
1239 6
fi=(38)
56 18
cfi=(37)
cfn=(122)
calls=3 -23 
* 105
+4 3
-4 3
+4 6
+3 6
+1 3
+2 3
-2 3
-1 3
+3 3
+10 6
fi=(40) /build/glibc-Cl5G7W/glibc-2.23/elf/./dl-load.h
+14 12
+1 9
+2 12
fi=(38)
+7 24
+6 3
+2 3
-2 3
+1 3
+2 3
-1 3
+1 3
-1 9
+8 6
+17 6
+12 6
-59 30
+2 6
+2 3
-2 6
+2 30
cfi=(37)
cfn=(122)
calls=3 -57 
* 93
* 9
fe=(22)
1251 12
+9 6
fi=(3)
39 3
fe=(22)
1260 3
fi=(3)
39 3
+6 3
-2 3
+2 6
+15 3
+5 3
+3 3
-1 3
-3 3
-3 62
+10 14
-26 42
+16 57
+10 57
-26 171
+26 3
-26 9
+2 148
+13 68
+2 12
+3 12
+13 6
+20 11
+1 12
+1 12
+1 12
+2 12
+5 12
+1 11
+1 12
+6 9
+5 6
+7 6
+1 9
+16 9
+5 2
+2 2
-2 2
+2 2
+2 4
+2 4
+3 9
+10 1
-8 4
+8 1
+5 2
+3 6
fe=(22)
1267 6
+15 9
+19 6
+2 15
+54 9
+1 2
+3 2
cfi=(24)
cfn=(132) close
calls=1 84 
* 5
* 4
cfi=(24)
cfn=(132)
calls=2 84 
* 10
* 6
+9 6
+2 9
+2 3
-2 3
+2 3
+16 6
cfi=(6)
cfn=(10)
calls=3 956 
* 69
+4 6
+1 6
+17 6
+9 3
-5 9
+5 3
+10 6
+10 9
cfi=(15)
cfn=(48)
calls=3 32 
* 129
+4 12
fi=(3)
68 12
+2 15
fe=(22)
1413 2
fi=(38)
119 6
+8 24
cfi=(26)
cfn=(72)
calls=3 -74 
* 298
* 12
-54 12
-1 18
cfi=(39)
cfn=(126)
calls=3 +12 
* 15
* 3
fi=(40)
+22 10
+1 22
+3 8
fi=(38)
+39 9
cfi=(37)
cfn=(122)
calls=1 33 
* 31
+3 3
fe=(22)
1255 4

fn=(76) fillin_rpath
444 7
+2 1
-2 9
+4 3
cfi=(17)
cfn=(78) strsep
calls=1 -94 
* 238
* 3
cfi=(17)
cfn=(78)
calls=1 -94 
* 6
* 6
+7 2
+35 15
+1 8
+55 2
+2 2
cob=(2)
cfi=(16)
cfn=(82)
calls=1 0 
* 7
* 1
-39 2
+4 2
-1 4
cfi=(17)
cfn=(40)
calls=1 94 
* 29
* 1
+3 1
-3 1
+3 2
+5 1
+1 2
-2 1
+2 1
cfi=(25)
cfn=(70)
calls=1 61 
* 31
+3 1
-3 1
+1 1
+2 1
+6 2
+1 1
-1 2
+1 13
+1 11
-1 2
+3 2
+1 3
+7 1
+1 1
-1 2
383 3
cfi=(27)
cfn=(74)
calls=1 24 
* 23
* 2
+4 2
cfi=(28)
cfn=(80)
calls=1 40 
* 94
* 1
+74 2
+5 2
cfi=(11)
cfn=(22)
calls=1 66 
* 16
+1 2
+7 6
+9 1
-4 3
+4 2
+26 2
+43 1
+3 9
-15 2
-9 2
-57 2

fn=(138) open_path
2040 16
+1 2
+6 2
-6 2
+6 2
+5 18
+52 2
-59 2
-1 2
+60 2
-52 16
+74 8
-62 2
-9 2
+9 2
+7 8
cfi=(25)
cfn=(70)
calls=2 61 
* 62
+1 2
-1 2
+1 10
+20 8
-20 31
+3 16
+5 10
-1 5
+1 10
-1 15
cfi=(25)
cfn=(70)
calls=5 61 
* 99
* 20
cfi=(25)
cfn=(70)
calls=5 61 
* 115
-1 5
+7 5
-7 5
+7 5
+3 45
cfn=(108)
calls=5 1717 
* 220
* 5
+2 25
+26 4
+2 2
+39 14
+7 2
-2 2
+2 6
+3 6
+14 2
-27 2
+27 14
-84 8
+1 36
+6 4
+2 4
-2 4
+2 8
-2 4
+2 4
cfi=(42) /build/glibc-Cl5G7W/glibc-2.23/io/../sysdeps/unix/sysv/linux/wordsize-64/xstat.c
cfn=(140) _xstat
calls=4 34 
* 49
* 8
+1 1
+2 1
-2 1
+2 7
+7 3
-7 3
+7 9
-30 3
+23 6

fn=(104)
2189 42
+8 6
-8 12
+8 6
+1 24
+3 93
+5 126
+2 54
cfi=(34) /build/glibc-Cl5G7W/glibc-2.23/elf/dl-misc.c
cfn=(106) _dl_name_match_p
calls=18 288 
* 2173
* 36
+4 30
+1 45
+3 6
+2 24
cfi=(19)
cfn=(54)
calls=6 144 
* 164
* 12
2500 48
2235 15
+9 3
-53 3
+53 6
+36 6
-2 3
+2 3
cfi=(27)
cfn=(74)
calls=3 24 
* 69
* 6
2431 2
383 3
cfi=(27)
cfn=(74)
calls=1 24 
* 47
* 2
+4 2
cfi=(28)
cfn=(80)
calls=1 40 
* 128
2432 1
-3 1
+3 2
+4 9
cfn=(108)
calls=1 1717 
* 299
+3 1
-3 1
+3 3
+12 3
+46 1
+1 3
-1 1
+1 9
cfn=(114)
calls=1 893 
* 1444
-1 2
+1 6
-1 2
+1 18
cfn=(114)
calls=2 893 
* 3211
* 12
2284 4
cfi=(11)
cfn=(22)
calls=2 66 
* 32
* 2
+2 2
-2 2
+2 2
+7 8
+35 4
+1 28
cfn=(138)
calls=2 2040 
* 1025
+6 4
-6 2
+6 6
666 2
2336 2
666 4
2423 4
+28 6
+2 8
2297 2
+5 2
-5 2
+5 2
+3 4
-3 2
+3 14
-3 6
666 2
2303 2
666 4
2358 2
-14 2
+14 2
+2 6
+4 4
cfi=(43)
cfn=(142) _dl_load_cache_lookup
calls=2 185 
* 2707
+2 2
-2 2
+2 2
+4 4
+8 6
+23 20
cfn=(108)
calls=2 1717 
* 720
+4 2
-4 2
+4 6
+1 4
-89 6
+1 16
666 2
2319 2
666 4

fn=(64)
689 1
+13 2
-13 8
+13 3
cfi=(23)
cfn=(66)
calls=1 39 
* 398
+5 1
-5 1
+5 1
cfi=(17)
cfn=(40)
calls=1 94 
* 29
* 1
+1 1
-2 1
+2 2
+8 1
-1 1
+1 3
-1 3
+4 4
cfi=(17)
cfn=(40)
calls=1 94 
* 29
* 1
+2 1
-2 1
+2 1
+17 2
+9 2
-19 1
+11 1
-1 1
+3 1
+1 1
-15 2
+23 1
-9 1
+9 5
-3 17
cfi=(26)
cfn=(72)
calls=4 53 
* 60
+3 27
-14 3
+2 3
+1 3
+2 6
-3 3
+4 9
+4 3
-3 3
+3 3
+1 3
-4 9
+4 3
+14 1
-11 1
+6 1
+1 1
+5 1
-12 1
+12 1
+2 4
+2 3
+38 5
+6 3
cfi=(27)
cfn=(74)
calls=1 24 
* 23
* 2
+2 3
cfi=(11)
cfn=(22)
calls=1 66 
* 16
* 8
cfi=(18)
cfn=(46)
calls=1 61 
* 31
* 1
+17 133
+5 1
cfi=(17)
cfn=(40)
calls=1 94 
* 29
* 1
+1 1
-2 1
+2 1
+6 9
cfn=(76)
calls=1 444 
* 609
+4 5
+6 1
+4 8
-70 1
-2 1
+2 2
+14 2

fl=(42)
fn=(140)
34 4
-1 4
+1 4
+1 24
+4 1
-4 12

fl=(44)
fn=(158) match_symbol
76 110
+9 10
-8 10
-1 20
+1 10
+8 10
+6 30
+15 10
+1 20
+2 10
+5 20
+14 140
+12 180
+4 60
-30 120
+19 50
cfi=(19)
cfn=(54)
calls=10 +11 
* 307
* 20
+35 80

fn=(156) _dl_check_map_versions
189 15
-15 45
+17 5
+3 15
-3 5
+2 5
+1 5
+2 5
-3 5
+3 5
+3 6
+4 3
-4 3
+4 12
+17 3
56 6
220 3
56 15
220 2
56 4
220 2
56 10
+1 16
-1 32
+2 63
cfi=(34)
cfn=(106)
calls=21 288 
* 2134
* 47
228 15
+5 40
+19 5
-15 155
cfn=(158)
calls=5 76 
* 602
* 20
cfn=(158)
calls=5 76 
* 615
* 10
+7 60
+3 30
+9 30
+5 6
+1 2
+8 6
+3 12
+10 33
-7 132
+3 99
-3 12
+3 9
+8 12
+87 8
-81 16
cfi=(17)
cfn=(36)
calls=4 103 
* 152
* 4
+1 4
-2 4
+2 4
+11 4
+2 4
-5 4
+3 4
+2 4
-2 4
+2 4
+3 12
+4 15
+18 5
-15 15
+2 15
-2 15
+2 15
+2 10
+1 10
-1 20
+1 10
-1 10
+1 10
+1 10
-2 10
+2 20
+1 30
+3 30
+8 15
+5 2
+1 2
+4 12
+3 12
+20 33
-14 72
-2 33
+7 66
+1 33
-1 99
+1 33
-1 33
+1 33
+1 33
+3 108
+10 36
183 2
-8 2
+95 4
-80 2

fn=(154)
380 5
+4 7
+2 35
cfn=(156)
calls=5 189 
* 5523
-2 5
+2 15
-1 5
-1 10
+5 7

fl=(74)
fn=(286)
182 5
+1 4
+1 16
+1 2
+3 2
+4 1
-9 9

fl=(65)
fn=(242) call_init.part.0
28 25
+8 5
+3 5
-3 10
+3 15
+5 28
+5 6
+9 18
cob=(2)
cfi=(16)
cfn=(356)
calls=1 -58 
* 12
cob=(3)
cfi=(86)
cfn=(334)
calls=1 -6 
* 176
cob=(2)
cfi=(16)
cfn=(244)
calls=1 -58 
* 62646
* 3
+4 6
+6 3
+2 6
-2 6
+3 15
+1 12
cob=(4)
cfi=(60)
cfn=(364) 0x00000000000056d0
calls=1 -72 
* 17
cob=(3)
cfi=(92)
cfn=(346)
calls=1 482 
* 1161
cob=(6)
cfi=(85)
cfn=(326)
calls=1 -72 
* 17
* 4
cob=(3)
cfi=(94)
cfn=(354)
calls=1 -39 
* 4
* 4
-1 8
+3 30
-29 3
-5 3

fn=(240)
80 11
+1 1
+1 1
+3 3
+8 2
+1 2
+25 18
+1 15
-90 26
cfn=(242)
calls=4 -2 
* 1532
* 4
+96 8
-96 2
+58 2
+16 1
cfn=(242)
calls=1 -76 
* 62716
* 1

fl=(6)
fn=(172)
806 1232
568 112
806 448
568 560
+1 112
-1 112
+1 336
-1 336
+1 1328
-1 1328
+1 3984
-1 4208
808 112
+4 112
+4 112
-8 112
+1 224
+7 314
+7 112
-2 112
+2 112
-2 112
+6 112
-7 112
+7 224
-7 672
+15 7
-8 35
+2 1568
cfn=(174) do_lookup_x
calls=112 355 
* 50825
+3 336
+26 224
+22 105
+1 735
+31 105
+9 525
+14 315
+3 420
+5 105
+2 896
-85 49
+16 7
+1 14
+59 2

fn=(174)
355 784
+1 112
-1 560
+48 112
-30 112
-11 112
+41 112
+7 224
-7 224
-30 448
+37 448
-44 224
+3 224
-3 674
+3 674
+4 898
+4 898
+4 898
+6 1347
+8 449
-4 449
+1 449
+3 898
+1 1347
+3 449
+1 898
+2 898
+8 449
-8 449
+8 4490
-99 344
553 2524
+1 172
cfi=(34)
cfn=(106)
calls=86 288 
* 7240
* 258
+3 1032
+3 7
+1 896
-92 210
+50 776
+4 48
+12 210
+1 105
+1 210
413 690
+2 230
+2 1443
+13 321
-10 1060
+2 210
+1 525
-1 105
+1 735
-1 105
+1 315
cfn=(176) check_match
calls=105 92 
* 9430
+4 315
+34 12
+94 42
439 945

fn=(10)
956 15
+4 5
+4 10
+2 5
-1 5
+3 15
+1 5
+1 5
+3 5
-3 5
+7 5
-4 5
-1 5
+3 5
+2 5
-7 5
+7 5
+1 5

fn=(176)
92 840
+3 735
+12 630
+3 560
cfi=(19)
cfn=(54)
calls=35 +34 
* 1207
* 70
+5 105
-1 105
+1 105
+2 202
+19 202
+1 808
+46 105
-7 105
+7 525
-18 8
+2 4
+1 16
-1 20
-29 303
cfi=(19)
cfn=(54)
calls=101 +6 
* 2472
* 303

fl=(10) /build/glibc-Cl5G7W/glibc-2.23/elf/../sysdeps/unix/sysv/linux/x86_64/brk.c
fn=(18) brk
31 7
+8 1
-6 2
+7 1

fl=(33)
fn=(100)
26 6
+9 6
+1 12
+1 6
+4 6
+1 6
+1 6
+1 6
+1 6
+2 12
+2 6
+1 6
+1 6
+2 12
+2 6
+4 6
+1 6

fl=(24)
fn=(132)
84 16
+1 4

fn=(68)
84 16
+2 20

fn=(112)
84 12
+1 3

fn=(110)
84 36
+1 4
+1 25

fl=(165)
fn=(728)
130 8
+17 1
+3 15
+3 2
cfi=(2)
cfn=(50)
calls=1 704 
* 2
+2 1
+3 2
+2 6
+8 1
-3 1
+3 8
+7 10
+2 10
+2 5
+1 5
+5 5
-6 5
-6 5
+8 5
-8 11
+14 9
+1 2
+4 1
31 1
+2 1
192 1
33 1
+6 1
-1 1
+2 1
-2 2
+1 8
+1 1
cfi=(26)
cfn=(72)
calls=1 +13 
* 15
* 1
+77 20
+3 24
cfi=(26)
cfn=(72)
calls=3 -67 
* 54
* 8
-76 12
+1 12
+4 16
+6 8
+1 8
+2 30
+1 15
+2 30
+1 21
201 3
cfi=(2)
cfn=(52)
calls=1 710 
* 2
+5 3
81 4
208 1
+2 3
-2 4
+2 12
+3 10
+3 15
+4 6
+9 3
+3 3
-3 3
+3 6
+2 12
+1 6
cob=(4)
cfi=(60)
cfn=(764) 0x0000000000005690
calls=1 0 
* 85
cob=(6)
cfi=(85)
cfn=(742)
calls=1 0 
* 85
cob=(5)
cfi=(66)
cfn=(730)
calls=1 0 
* 16
-1 12
+5 6
+1 9
cob=(2)
cfi=(16)
cfn=(780)
calls=1 0 
* 3
cob=(2)
cfi=(16)
cfn=(762)
calls=1 0 
* 3
cob=(2)
cfi=(16)
cfn=(740)
calls=1 0 
* 3
+6 30
+16 10
-56 13
+11 6
92 18
+21 6
-57 15
268 4
+2 1
-2 2
+6 2
+7 8

fl=(41)
fn=(136)
60 10
+7 5
-4 55
cfi=(22)
cfn=(104)
calls=5 2189 
* 10582
* 5
+5 10

fn=(134)
161 1
-1 1
+1 1
-1 4
+1 1
-1 2
+1 1
-1 2
+1 1
-1 2
+1 3
-15 1
+15 1
-17 1
+1 1
+1 1
+6 4
+26 1
-26 1
+26 7
-34 1
+2 1
+33 2
-33 1
-2 1
+2 2
-2 1
+1 1
+1 1
+6 3
+26 1
-26 1
+26 5
+4 1
+21 1
+1 1
-22 2
+19 1
-12 1
+15 1
-16 2
+13 1
317 9
217 1
-4 1
-4 1
+8 5
-4 4
-4 4
+8 4
+12 10
+2 3
+11 3
-5 3
-6 6
+5 3
+2 6
+1 6
+3 21
+50 15
+1 9
-51 312
+1 156
+6 25
cfi=(27)
cfn=(74)
calls=5 24 
* 163
* 10
+5 25
-3 5
+3 5
cfi=(32)
cfn=(96)
calls=5 -91 
* 10977
+2 15
+15 5
+2 10
+5 3
+6 3
+2 3
-8 6
+3 3
+1 3
+1 3
+1 3
+4 18
+7 219
459 15
+2 9
+2 9
cfi=(17)
cfn=(40)
calls=3 94 
* 87
* 3
+2 3
-2 3
+2 3
+4 12
-1 3
+1 3
cfi=(18)
cfn=(46)
calls=3 61 
* 68
+1 15
cfi=(18)
cfn=(46)
calls=3 61 
* 68
+4 3
-1 3
+5 28
+7 6
+1 1
+3 5
+10 4
cfi=(17)
cfn=(40)
calls=1 94 
* 29
* 1
+3 1
-3 1
+3 1
+5 6
+1 1
-1 3
+1 2
+8 2
+4 3
-4 1
-6 3
-2 4
+8 8
+4 12
-4 4
-6 12
+13 3
+51 3
+2 3
+42 1
-4 1
+5 2
-1 4
+1 2
cfi=(26)
cfn=(72)
calls=1 53 
* 15
* 1
-2 9
+7 1
-1 1
+1 1
-1 2
+7 1
-7 1
+7 2
-13 3
+7 3
-1 3
+1 3
-1 6
+7 3
-7 3
+7 9
+2 12
+1 6
-1 12
+1 9
+2 30
+1 21
+28 27
cfi=(26)
cfn=(72)
calls=3 53 
* 54
* 15
-6 6
-28 12
+31 14
-6 2
+16 2
+2 1
+1 1
-1 1
+2 3
+7 3
+3 3
+3 8
481 12
-1 5
+1 11
202 2
+27 8
-19 4
+8 32
+2 3
+2 12
+2 30
338 8
611 8
cfi=(18)
cfn=(46)
calls=1 61 
* 42
+2 1
-38 1
+38 1
209 2

fl=(7)
fn=(232)
256 1

fn=(12)
86 8
+25 1
-1 1
+1 69
+6 1
-3 1
+1 1
-4 1
+3 1
+3 4
+1 2
-1 25
+1 105
-1 85

ob=(4)
fl=(64)
fn=(222)
25 1
+1 1
+1 1
+1 1
+2 1

fl=(141) /build/glibc-Cl5G7W/glibc-2.23/math/../sysdeps/ieee754/dbl-64/e_pow.c
fn=(630) __ieee754_pow_sse2
65 24034
+5 24034
-5 48068
+6 24034
-6 24034
+7 24034
-7 24034
+7 24034
+16 72102
+3 96136
-2 48068
fi=(142) /build/glibc-Cl5G7W/glibc-2.23/math/../sysdeps/i386/fpu/fenv_private.h
429 24034
+1 24034
+3 24034
-3 48068
+3 24034
-3 24034
+3 24034
fe=(141)
100 360510
261 24034
-1 24034
+6 24034
-16 24034
+11 24034
+3 24034
-3 24034
+3 24034
+8 96136
+2 24024
+1 120120
+8 192192
+1 24024
+1 24024
+1 24024
-1 24024
+1 24024
-11 40
+8 80
+1 10
+1 10
+1 10
-1 10
+1 10
+40 24024
+1 24024
-2 24024
+2 24024
+4 24024
-5 24024
+1 24024
+1 24024
+5 24024
-6 24024
+1 24024
+3 24024
+2 48048
-7 24024
+3 48048
+2 24024
+2 24024
-1 24024
-1 24024
+1 24024
+1 456456
+2 24024
-2 24024
+2 24024
+2 72072
+1 24024
-2 24024
106 24024
+8 72072
-8 72072
+8 24024
-5 24024
-2 24024
+3 24024
-4 10
+8 30
-8 30
+8 10
-5 10
-2 10
+3 10
+4 10
-7 20
+3 10
-1 10
+1 10
-1 10
+1 10
+4 10
-4 30
+1 20
+3 30
cfi=(143) /build/glibc-Cl5G7W/glibc-2.23/math/../sysdeps/ieee754/dbl-64/e_exp.c
cfn=(634) __exp1
calls=10 249 
* 850
* 24024
-7 48048
+3 24024
-1 24024
+1 24024
-1 24024
+1 24024
+4 24024
-4 72072
+1 48048
+3 72072
cfi=(143)
cfn=(634)
calls=24024 249 
* 2042040
+1 216306
fi=(142)
445 48068
fe=(141)
118 72102
+2 72102
+3 72102
+91 96136
74 96136
+2 72102
+2 72102
195 24034
78 24034
+2 72102
+2 72102
+2 96136
280 10
-1 10
+1 20
+8 30
+2 10
+1 10
+2 10
-3 10
+3 20
-2 10
+2 10
+1 10
-3 10
+3 10
-3 10
+2 10
+1 30
-1 10
+1 10
-1 20
+1 70
+5 10
-5 50
+4 10
-4 10
+4 10
-4 20
+3 20
+2 30
+1 20

fl=(54)
fn=(202)
9 8

fl=(143)
fn=(634)
249 24034
-1 24034
+1 24034
+1 48068
+2 72102
+2 24034
+19 24034
+7 24034
-26 48068
+5 24034
-5 24034
+26 24034
-25 24034
+2 24034
+5 24034
-7 24034
+13 72102
-13 24034
+4 24034
+1 24034
+5 24034
-5 24034
+2 48068
+2 24034
+1 24034
+5 24034
+1 24034
-1 24034
+1 24034
-1 24034
+3 24034
+1 24034
-9 24034
+5 24034
+4 72102
-1 24034
+1 24034
-1 48068
-8 24034
+1 24034
+7 48068
-7 48068
+7 24034
-7 24034
+8 24034
-8 48068
+8 72102
-8 24034
+8 24034
+3 48068
-3 24034
+3 24034
-3 24034
+3 72102
+1 48068
+2 168238
+1 96136

fl=(57)
fn=(208)
25 1
+1 1
+1 1
+1 1
+2 1

fl=(63)
fn=(220)
25 1
+1 1
+1 1
+1 1
+2 1

fl=(62)
fn=(224)
16 5

fn=(218)
10 5

fl=(60)
fn=(774) 0x0000000000005600
0 9

fn=(764)
0 8
cob=(2)
cfi=(16)
cfn=(770)
calls=1 0 
0 64
0 1
cfn=(774)
calls=1 0 
0 9
0 3

fn=(226)
0 8

fn=(214)
0 8

fn=(228)
0 8

fn=(364)
0 16

ob=(1)
fl=(7)
fn=(12)
117 17
+62 1
+1 1
-1 1
+1 1
-29 1
+1 2
+11 1
+1 1
-1 1
+1 1
-7 1
+1 1
-1 1
+1 1
-4 1
+1 2
-25 1
+1 2
-4 1
+1 2
-7 1
+1 1
+2 1
+1 1
fi=(9)
-90 2
cfi=(10)
cfn=(18)
calls=1 -4 
* 11
fi=(5)
223 5
fi=(8) /build/glibc-Cl5G7W/glibc-2.23/elf/../sysdeps/x86/cpu-features.c
61 2
+3 1
-3 1
+3 9
175 3
+1 1
+3 2
+1 1
+2 2
+1 7
+7 3
+4 2
+2 4
+51 2
fe=(7)
-16 1
fi=(8)
+27 1
+1 1
+1 1
fe=(7)
-29 1
+1 1
cfi=(11)
cfn=(22)
calls=1 66 
* 32
* 1
+2 2
cfi=(12)
cfn=(24)
calls=1 34 
* 17
* 3
+12 3
+3 5
cfi=(2)
cfn=(26)
calls=1 790 
* 110025
+1 1
+1 8
fi=(8)
-4 2
+1 2
+4 2
-52 2
+1 1
+6 3
+2 1
+3 3
+16 2
+1 1
+2 2
29 2
+4 1
-4 1
+5 1
-1 1
+2 1
-1 1
+1 1
-2 1
+1 1
+1 1
+1 1
-7 2
+3 1
+4 1
+5 1
+32 2
-32 1
+27 1
+5 1
+3 1
+1 8
+57 2
-66 2
+44 2
248 2
+3 2
fe=(7)

fl=(11)
fn=(22)
66 18
+1 18
+1 18
+1 18
+1 18
+1 18
+1 18
+2 18
+2 18
+30 17
+1 17
+1 17
+1 17
+1 17
+1 8
+1 8
+4 9
+1 9
+1 9
+1 9
+1 9
+1 9
+1 9
+1 9
+1 9
+1 9
+1 9
+1 9
+5 72
+4 1
+1 14
+1 8

fl=(29)
fn=(90)
74 2

fn=(86)
50 10
+5 8
+5 2
-1 1
+1 2
+1 2
-1 1
+4 1
-13 5
+4 10
+4 1
-1 1
-58 5

fl=(68)
fn=(260)
66 40
+5 40
-5 20
+3 40
+3 20
-1 40
-3 20
+5 120
+1 20
-1 20
+1 40
+5 40
+4 40
+4 60
+4 20
+1 100
+2 80
+7 40
-1 20
+1 20
+10 180
cfi=(6)
cfn=(172)
calls=20 806 
* 16520
* 20
+4 100
+10 120
+16 20
-8 20
+8 60
+4 60
fi=(5)
+90 20
fe=(68)
-86 60

fl=(34)
fn=(106)
288 625
+1 250
cfi=(19)
cfn=(54)
calls=125 144 
* 3836
* 125
+1 125
-1 125
+3 125
+2 250
+4 125
-4 250
+1 399
cfi=(19)
cfn=(54)
calls=133 144 
* 4296
* 266
-5 8
+11 157
-1 117
+1 468

fn=(144) _dl_sysdep_read_whole_file
45 2
+7 1
-7 3
+7 1
-7 3
+7 1
cfi=(24)
cfn=(110)
calls=1 +32 
* 5
+1 2
+2 5
cfi=(36)
cfn=(120)
calls=1 -21 
* 10
* 2
+2 1
+3 1
-3 1
+3 1
+13 2
cfi=(24)
cfn=(132)
calls=1 +11 
* 5
+3 7
-14 6
cfi=(37)
cfn=(122)
calls=1 -29 
* 33
* 2

fl=(36)
fn=(120)
34 4
-1 4
+1 4
+1 24
+4 4

fl=(43)
fn=(142)
185 18
+8 4
+3 6
+45 4
+6 4
+9 2
+6 4
-6 8
+6 2
cfi=(24)
cfn=(68)
calls=2 84 
* 18
+19 2
-19 2
+19 276
cfn=(146) _dl_cache_libcmp
calls=18 138 
* 1298
* 96
-15 8
+15 28
cfn=(146)
calls=2 138 
* 142
* 14
-82 4
cfi=(34)
cfn=(144)
calls=1 45 
* 94
+8 1
-8 1
+8 4
+1 4
cfi=(14)
cfn=(30)
calls=1 24 
* 38
* 2
+7 1
-3 1
+3 3
+3 1
+1 2
-1 1
+1 1
+1 4
cfi=(14)
cfn=(30)
calls=1 24 
* 32
* 2
+61 42
+16 4
+4 4
+8 6
cfi=(11)
cfn=(22)
calls=2 66 
* 68
* 4
+1 2
-1 8
+1 4
cfi=(18)
cfn=(46)
calls=2 61 
* 177
+1 4
cfi=(28)
cfn=(80)
calls=2 40 
* 218
+1 16
-31 18

fn=(146)
138 60
+1 44
+2 198
+2 99
-2 99
+2 4
+6 2
+2 2
-1 2
-1 2
+1 2
+1 8
+2 10
+2 4
+6 194
+2 352
+4 79
+1 79
-29 158
+32 6
-7 36

fn=(234)
322 4
-1 1
+3 2
cfi=(39)
cfn=(236)
calls=1 84 
* 5
+1 1
+2 2

fl=(15)
fn=(32)
61 56
+1 4
cfi=(11)
cfn=(22)
calls=4 +4 
* 82
+6 4
-6 8
+6 8
+7 16
cfi=(17)
cfn=(36)
calls=4 +28 
* 209
* 4
+3 4
-3 4
+3 4
+4 4
+5 8
-6 4
+6 4
-5 4
+3 8
+2 4
cfi=(18)
cfn=(46)
calls=4 -26 
* 111
+10 4
-10 4
+10 4
-8 4
+9 8
-1 12
+1 12
+3 4
-4 4
+1 4
+3 4
+9 4
-7 4
+4 4
+3 10
+2 2
-2 2
+2 30
-2 30
+12 4
+6 4
-5 4
-1 4
+6 20
+2 3
+3 3
-3 3
+3 3
-3 6
+7 9
+4 6
+2 5
+6 1
+6 1
-3 2
+3 5
-3 6
+3 6
+2 9
cfi=(11)
cfn=(22)
calls=3 -91 
* 102
+4 3
-4 12
+4 9
+64 6
+4 32
68 40
+34 11
+39 12
+70 9
cfi=(25)
cfn=(70)
calls=3 61 
* 97
* 53
+6 50
-1 50
+1 53
-1 3
+1 9
+5 6
-89 2
+32 6
cfi=(17)
cfn=(40)
calls=3 -71 
* 87
* 3
+1 3
-1 3
+1 9
+2 1
-35 2

fn=(48)
32 20
+2 8
cfi=(2)
cfn=(50)
calls=4 704 
* 8
+2 4
-2 4
+2 27
+3 27
+2 3
+2 3
+4 3
+4 3
-4 6
+1 3
+4 6
-4 3
+1 3
+3 3
-3 3
+2 3
cfi=(2)
cfn=(52)
calls=3 710 
* 6

ob=(4)
fl=(60)
fn=(364)
0 1

fl=(59)
fn=(212)
8 5

fl=(56)
fn=(206)
25 1
+1 1
+1 1
+1 1
+2 1

fl=(55)
fn=(204)
12 4

ob=(1)
fl=(15)
fn=(48)
47 1
+4 1
-4 2
+1 1
+4 2
-4 1
+1 1
+3 1
-3 1
+2 1
cfi=(2)
cfn=(52)
calls=1 710 
* 2
-5 2

fl=(17)
fn=(44)
52 81
+1 107
+11 78
+3 26
-3 26
+3 52
-3 3
+3 1
-3 1
+3 98
+4 12
+1 6
+6 24
cfi=(37)
cfn=(122)
calls=3 -45 
* 99
+2 15
+4 9
+3 3
+1 3
+2 15
-3 24
+1 24
+2 120
-31 2
-1 5

fn=(36)
103 10
+8 30
-4 10
+4 20
+3 10
cfn=(40)
calls=10 -20 
* 398
* 10

fn=(78)
354 4
+2 2
+1 4
+4 33
+7 84
-2 56
+13 1
+4 2
-7 14
-15 44

fn=(40)
94 26
+1 52
cfn=(44)
calls=26 -43 
* 758
* 26

fn=(84)
120 1
+2 3
+7 2

fl=(25)
fn=(70)
61 21
+4 21
+3 19
+1 19
+2 8
+1 8
+2 8
+1 8
+5 8
+1 8
-1 11
+1 11
+2 12
+1 12
+2 12
+1 12
+5 12
+1 12

ob=(4)
fl=(55)
fn=(204)
12 4

fl=(140)
fn=(626)
26 24034
+1 72102
cfi=(141)
cfn=(630)
calls=24034 +38 
* 6729530
* 24034
+1 192272
+30 96136
+15 48068

fl=(61)
fn=(216)
25 1
+1 1
+1 1
+1 1
+2 1

fl=(58)
fn=(210)
25 1
+1 1
+1 1
+1 1

ob=(1)
fl=(25)
fn=(70)
92 7
+1 7
+2 6
+1 6
+2 6
+1 6
+5 6
+1 6
-1 13
+1 13
+2 9
+1 9
+2 9
+1 18
+5 9
+1 9
-1 10
+1 12
+5 2
+1 2
+1 2
+1 2
+2 2
+2 2
+1 2
+2 2
+6 19
+4 19
+12 3
+2 3
+1 3
+26 3
+1 3
+3 3
+1 3
+1 3
+5 3
+2 3
+1 3
+1 3
+1 3
+2 3
+1 3
+1 3
+1 3
+2 3
+1 3
+2 3

ob=(4)
fl=(58)
fn=(210)
30 1

ob=(1)
fl=(25)
fn=(70)
231 3
+2 3
+2 2
+7 2

totals: 40030435531
